4	5.38085	2.934534e-01	7.013177e+01	-1.001497e+00	1.253040e-01	7.064957e-01
4	3.49021	2.986740e-01	6.971425e+01	-9.548903e-01	-3.321772e-02	7.012745e-01
4	2.56965	2.958556e-01	6.994776e+01	-9.720592e-01	8.488147e-03	7.040933e-01
1	1.55333	2.939098e-01	7.025511e+01	-1.006620e+00	7.687444e-02	7.060395e-01
9	2.07348	2.960221e-01	7.009077e+01	-9.826953e-01	3.018237e-03	7.039270e-01
2	2.34214	2.985102e-01	7.037560e+01	-9.985293e-01	-8.058049e-02	7.014393e-01
4	1.74045	2.977511e-01	7.058201e+01	-1.045268e+00	4.251146e-02	7.021987e-01
2	1.24517	2.945568e-01	7.046139e+01	-1.072326e+00	2.497703e-01	7.053928e-01
3	1.73327	2.979811e-01	7.058754e+01	-1.076387e+00	1.570161e-01	7.019686e-01
12	1.61216	2.937442e-01	7.071447e+01	-1.085855e+00	2.287397e-01	7.062058e-01
2	1.87352	2.998514e-01	6.989050e+01	-9.692466e-01	-1.021442e-01	7.000974e-01
1	2.77312	2.935570e-01	6.998729e+01	-9.792972e-01	4.148310e-02	7.063919e-01
7	2.88443	2.977926e-01	6.966844e+01	-9.409629e-01	-6.778153e-02	7.021558e-01
1	1.53242	3.007759e-01	6.975026e+01	-9.396680e-01	-1.585420e-01	6.991726e-01
4	1.56905	2.934564e-01	7.020246e+01	-1.031896e+00	1.715130e-01	7.064928e-01
1	1.70678	2.921463e-01	7.063111e+01	-1.069770e+00	2.423076e-01	7.078035e-01
2	2.11237	2.924142e-01	7.082934e+01	-1.082899e+00	2.151628e-01	7.075359e-01
5	2.55841	2.908222e-01	7.096320e+01	-1.112205e+00	3.195888e-01	7.091281e-01
1	2.04361	2.910355e-01	7.072832e+01	-1.082489e+00	2.820950e-01	7.089145e-01
5	0.95271	2.970768e-01	7.029279e+01	-1.013863e+00	3.551852e-02	7.028726e-01
1	0.346086	3.039105e-01	6.975426e+01	-9.584548e-01	-1.632807e-01	6.960381e-01
8	0.271664	2.996326e-01	7.020228e+01	-1.016217e+00	5.397844e-03	7.003167e-01
1	2.17591	2.929416e-01	7.024746e+01	-1.038697e+00	2.219723e-01	7.070077e-01
9	1.25304	2.970083e-01	6.995505e+01	-1.026096e+00	1.676455e-01	7.029406e-01
2	1.18763	2.931420e-01	7.029917e+01	-1.034907e+00	1.665627e-01	7.068074e-01
11	0.749745	2.963752e-01	7.000198e+01	-1.004564e+00	7.811755e-02	7.035737e-01
6	0.641845	3.012531e-01	7.003262e+01	-9.846338e-01	-1.038986e-01	6.986959e-01
11	0.371279	2.983734e-01	7.021640e+01	-1.017975e+00	4.429408e-02	7.015758e-01
8	0.490999	3.045626e-01	6.977227e+01	-9.737702e-01	-1.171977e-01	6.953860e-01
4	0.70313	3.031150e-01	6.966573e+01	-9.758579e-01	-6.167981e-02	6.968335e-01
9	0.263535	2.997703e-01	7.012423e+01	-1.026020e+00	6.839685e-02	7.001788e-01
18	0.166272	3.009647e-01	6.988912e+01	-9.769959e-01	-6.888966e-02	6.989841e-01
18	0.109115	3.000550e-01	6.997889e+01	-9.868534e-01	-4.463503e-02	6.998939e-01
2	0.67223	3.020488e-01	6.962917e+01	-9.502392e-01	-1.112835e-01	6.978995e-01
1	0.73095	3.013240e-01	6.997700e+01	-1.004807e+00	1.262983e-02	6.986249e-01
8	1.00388	3.039871e-01	6.976021e+01	-9.967599e-01	-2.646626e-02	6.959615e-01
3	0.920905	3.012386e-01	6.969797e+01	-9.868907e-01	7.087225e-03	6.987099e-01
1	0.762	3.010125e-01	7.005917e+01	-1.014216e+00	7.272440e-04	6.989365e-01
8	1.479	2.980119e-01	7.057198e+01	-1.066800e+00	1.185310e-01	7.019378e-01
12	0.589435	3.000731e-01	7.006392e+01	-1.026878e+00	8.747196e-02	6.998759e-01
4	0.345437	2.971321e-01	7.032874e+01	-1.044537e+00	1.274895e-01	7.028173e-01
1	0.414448	3.007249e-01	7.003655e+01	-1.020708e+00	4.655376e-02	6.992240e-01
1	0.652345	3.001642e-01	7.011404e+01	-1.025464e+00	6.934039e-02	6.997849e-01
16	0.6577	3.041618e-01	6.977098e+01	-9.899875e-01	-5.070579e-02	6.957867e-01
4	0.357867	2.962781e-01	7.027964e+01	-1.031062e+00	1.132784e-01	7.036712e-01
1	0.483519	3.017286e-01	6.965307e+01	-9.563832e-01	-9.572005e-02	6.982198e-01
3	1.05325	2.977052e-01	6.992049e+01	-9.772055e-01	-6.097694e-03	7.022436e-01
3	0.631075	3.000821e-01	7.028336e+01	-1.032763e+00	4.082967e-02	6.998673e-01
1	0.92636	3.009573e-01	7.030371e+01	-1.026722e+00	-1.148882e-02	6.989921e-01
1	1.61048	3.022157e-01	7.031977e+01	-1.038901e+00	7.002795e-03	6.977337e-01
15	0.555925	2.951735e-01	7.037010e+01	-1.049501e+00	1.659288e-01	7.047760e-01
1	0.97823	2.946632e-01	7.013868e+01	-1.034589e+00	1.926845e-01	7.052859e-01
1	1.1793	2.958574e-01	7.025307e+01	-1.055507e+00	2.016276e-01	7.040919e-01
1	1.63904	2.953924e-01	7.031927e+01	-1.069005e+00	2.400140e-01	7.045570e-01
1	1.91746	3.000107e-01	7.039728e+01	-1.039675e+00	1.099325e-02	6.999388e-01
9	1.40726	2.999796e-01	7.038341e+01	-1.018776e+00	-4.762603e-02	6.999699e-01
1	1.89552	2.972353e-01	7.053218e+01	-1.029720e+00	3.784476e-03	7.027144e-01
7	0.62229	2.952199e-01	7.039101e+01	-1.034652e+00	1.133963e-01	7.047296e-01
1	1.07292	2.953787e-01	7.052038e+01	-1.043021e+00	1.055442e-01	7.045709e-01
8	1.49933	2.983541e-01	7.023163e+01	-1.002502e+00	-4.306547e-02	7.015952e-01
1	1.43365	2.997839e-01	7.036368e+01	-1.016693e+00	-5.150367e-02	7.001655e-01
2	1.54383	3.014943e-01	7.020089e+01	-1.010816e+00	-3.295305e-02	6.984549e-01
5	1.4682	2.970471e-01	7.033269e+01	-1.007200e+00	-1.397332e-03	7.029023e-01
2	1.2284	2.944980e-01	7.028709e+01	-1.014189e+00	8.662810e-02	7.054513e-01
1	3.28196	3.052752e-01	6.940089e+01	-9.097708e-01	-2.945986e-01	6.946728e-01
3	2.87153	3.088588e-01	6.901182e+01	-8.917305e-01	-2.877512e-01	6.910886e-01
3	2.86415	3.041241e-01	6.915850e+01	-8.963102e-01	-2.223024e-01	6.958236e-01
4	2.75181	3.006399e-01	6.945718e+01	-9.226601e-01	-1.571140e-01	6.993082e-01
2	1.49907	3.018618e-01	6.946394e+01	-9.551392e-01	-4.981416e-02	6.980864e-01
10	0.59771	3.032861e-01	6.971885e+01	-9.819587e-01	-4.302041e-02	6.966624e-01
8	0.80408	3.021283e-01	6.981221e+01	-9.747783e-01	-6.589660e-02	6.978204e-01
4	0.495804	2.995341e-01	7.025739e+01	-1.033197e+00	6.332838e-02	7.004152e-01
15	0.845295	2.948235e-01	7.047526e+01	-1.070175e+00	2.218244e-01	7.051261e-01
1	1.37302	2.945286e-01	7.036862e+01	-1.074062e+00	2.683814e-01	7.054209e-01
1	1.98771	3.043688e-01	6.991655e+01	-1.026090e+00	3.495903e-02	6.955800e-01
13	1.66353	2.960331e-01	7.004197e+01	-1.011903e+00	1.255455e-01	7.039159e-01
14	1.38552	2.978256e-01	6.985250e+01	-9.712539e-01	-9.048269e-03	7.021231e-01
4	1.30776	2.952998e-01	7.016781e+01	-1.044261e+00	2.142092e-01	7.046494e-01
3	1.36743	3.058733e-01	6.971198e+01	-9.733572e-01	-1.503502e-01	6.940753e-01
10	1.08702	3.029493e-01	7.016358e+01	-1.015485e+00	-4.622517e-02	6.969998e-01
1	1.0093	2.971740e-01	7.025610e+01	-1.054192e+00	1.718411e-01	7.027753e-01
1	0.69334	2.949150e-01	7.033489e+01	-1.056924e+00	2.128480e-01	7.050344e-01
1	0.707325	2.954281e-01	7.028745e+01	-1.040728e+00	1.667484e-01	7.045213e-01
6	0.331932	3.040076e-01	6.975638e+01	-9.728569e-01	-1.149196e-01	6.959409e-01
1	0.0891695	3.009546e-01	6.988789e+01	-9.941511e-01	-9.520045e-03	6.989942e-01
10	0.232314	3.011771e-01	6.994955e+01	-1.007839e+00	1.824183e-02	6.987718e-01
3	0.456946	2.955768e-01	7.034185e+01	-1.045932e+00	1.539458e-01	7.043727e-01
3	0.52975	2.988548e-01	7.025773e+01	-1.043655e+00	1.052589e-01	7.010945e-01
1	0.158472	3.008691e-01	6.991850e+01	-1.002595e+00	1.739206e-02	6.990797e-01
7	0.456574	2.982731e-01	7.030946e+01	-1.023168e+00	2.968309e-02	7.016762e-01
3	0.80016	3.033329e-01	6.983840e+01	-9.517925e-01	-2.016961e-01	6.966158e-01
3	0.670005	3.010617e-01	7.016993e+01	-9.986280e-01	-7.784616e-02	6.988874e-01
3	1.5276	3.009152e-01	7.023561e+01	-9.909865e-01	-1.295522e-01	6.990341e-01
1	0.722775	3.064293e-01	6.957869e+01	-9.480044e-01	-2.039575e-01	6.935190e-01
2	0.630525	3.013723e-01	6.994201e+01	-1.013686e+00	3.260182e-02	6.985766e-01
15	0.307725	3.023345e-01	6.977886e+01	-9.753652e-01	-8.135704e-02	6.976141e-01
5	0.309382	2.995997e-01	7.013719e+01	-1.002812e+00	-2.769583e-02	7.003494e-01
1	0.708955	2.948752e-01	7.032929e+01	-1.056778e+00	2.134651e-01	7.050742e-01
7	0.490254	2.994512e-01	6.983217e+01	-9.945826e-01	4.378450e-02	7.004975e-01
3	0.077389	2.991090e-01	7.001667e+01	-1.000361e+00	1.018199e-02	7.008399e-01
2	0.448408	3.007751e-01	6.993315e+01	-9.958751e-01	-2.339476e-02	6.991737e-01
2	3.34407	3.123239e-01	6.920787e+01	-9.157823e-01	-3.481882e-01	6.876238e-01
1	1.82103	3.047492e-01	6.995430e+01	-9.765426e-01	-1.962348e-01	6.951997e-01
2	0.690745	3.056377e-01	6.960236e+01	-9.379483e-01	-2.278806e-01	6.943107e-01
3	0.86907	2.993942e-01	7.021408e+01	-1.020027e+00	8.583427e-03	7.005551e-01
7	1.36217	2.991611e-01	7.045368e+01	-1.065368e+00	1.259690e-01	7.007885e-01
7	0.5413	3.021062e-01	7.009384e+01	-1.019134e+00	1.170336e-03	6.978429e-01
1	0.569375	3.043231e-01	6.986360e+01	-9.818901e-01	-1.241489e-01	6.956256e-01
6	0.490306	3.030503e-01	6.964981e+01	-9.658156e-01	-9.116623e-02	6.968981e-01
3	0.064591	3.003031e-01	6.993784e+01	-9.858779e-01	-4.155453e-02	6.996457e-01
10	0.073107	2.992796e-01	7.006245e+01	-1.008165e+00	3.103631e-02	7.006694e-01
1	1.0958	3.033963e-01	7.001127e+01	-9.721654e-01	-1.875596e-01	6.965526e-01
5	1.19256	3.050882e-01	6.973539e+01	-9.515148e-01	-2.248545e-01	6.948603e-01
2	0.892215	3.018733e-01	6.993783e+01	-9.690601e-01	-1.491014e-01	6.980756e-01
2	0.975295	3.068767e-01	6.951038e+01	-9.477333e-01	-1.843687e-01	6.930715e-01
1	1.19612	3.030952e-01	6.963237e+01	-9.827723e-01	-9.255786e-03	6.968531e-01
1	1.06272	3.061969e-01	6.953288e+01	-9.396284e-01	-2.255669e-01	6.937514e-01
5	0.72518	3.056294e-01	6.954947e+01	-9.414978e-01	-2.059215e-01	6.943189e-01
15	0.965	3.013819e-01	7.014392e+01	-1.005468e+00	-6.592307e-02	6.985672e-01
2	0.694025	2.976961e-01	7.025002e+01	-1.029586e+00	6.991478e-02	7.022532e-01
2	0.6461	3.005001e-01	6.967404e+01	-9.713527e-01	-2.192536e-02	6.994483e-01
5	1.03368	2.964806e-01	7.052371e+01	-1.070434e+00	1.751005e-01	7.034691e-01
5	0.9991	2.983936e-01	7.033781e+01	-1.055437e+00	1.487214e-01	7.015558e-01
5	2.86761	3.044601e-01	6.994189e+01	-1.004985e+00	-2.822720e-02	6.954888e-01
3	1.56367	3.077718e-01	6.935839e+01	-9.300826e-01	-2.383227e-01	6.921762e-01
2	1.93288	3.088303e-01	6.919501e+01	-9.114042e-01	-2.669970e-01	6.911174e-01
1	1.7225	3.066929e-01	6.977356e+01	-9.945398e-01	-8.427292e-02	6.932557e-01
4	1.76282	3.088190e-01	6.944201e+01	-9.482390e-01	-2.002207e-01	6.911291e-01
1	2.4232	3.016507e-01	7.037598e+01	-1.037723e+00	-2.618247e-02	6.982988e-01
2	1.37619	2.971920e-01	7.020172e+01	-1.057843e+00	2.165025e-01	7.027572e-01
2	0.689565	2.948127e-01	7.048492e+01	-1.062421e+00	1.929377e-01	7.051370e-01
1	1.31098	2.972286e-01	7.039731e+01	-1.022877e+00	3.618971e-02	7.027209e-01
2	1.02902	2.958649e-01	7.055789e+01	-1.073668e+00	1.930324e-01	7.040848e-01
2	1.20229	2.934950e-01	7.023848e+01	-1.047095e+00	2.227636e-01	7.064542e-01
3	1.0612	2.931812e-01	7.041983e+01	-1.067782e+00	2.594499e-01	7.067683e-01
25	0.175354	2.971156e-01	7.016816e+01	-1.015178e+00	6.477362e-02	7.028336e-01
1	0.83697	2.956199e-01	7.026036e+01	-1.021864e+00	1.033864e-01	7.043294e-01
2	1.4027	2.990833e-01	7.039853e+01	-1.033819e+00	1.247229e-02	7.008662e-01
9	1.41788	3.084140e-01	6.950121e+01	-9.388301e-01	-2.643439e-01	6.915342e-01
3	1.63061	3.082292e-01	6.948636e+01	-9.137069e-01	-3.531588e-01	6.917190e-01
7	0.971625	3.026570e-01	6.973357e+01	-9.514695e-01	-1.708523e-01	6.972915e-01
1	3.58546	3.039673e-01	7.001642e+01	-9.367228e-01	-3.364513e-01	6.959817e-01
5	4.303	3.091153e-01	6.964097e+01	-8.955412e-01	-4.745874e-01	6.908331e-01
4	1.71696	3.038719e-01	6.991388e+01	-9.462775e-01	-2.651105e-01	6.960769e-01
1	1.5682	3.048659e-01	6.992473e+01	-9.542342e-01	-2.616058e-01	6.950830e-01
2	0.498196	3.034248e-01	6.989667e+01	-9.881032e-01	-9.320469e-02	6.965240e-01
7	1.0938	3.001231e-01	7.030377e+01	-1.022210e+00	-2.228640e-02	6.998263e-01
1	4.84851	2.894270e-01	7.124246e+01	-1.160832e+00	4.388340e-01	7.105236e-01
3	4.9322	2.875527e-01	7.119330e+01	-1.163951e+00	5.093406e-01	7.123979e-01
2	3.92551	2.873414e-01	7.089241e+01	-1.078387e+00	2.738493e-01	7.126088e-01
2	2.89642	2.925590e-01	7.017263e+01	-1.006077e+00	9.895179e-02	7.073901e-01
5	1.84695	3.050077e-01	6.959148e+01	-9.661122e-01	-1.266013e-01	6.949406e-01
1	1.18346	3.022751e-01	6.969744e+01	-9.606120e-01	-1.212855e-01	6.976734e-01
6	0.98092	2.980018e-01	7.022115e+01	-1.044037e+00	1.512313e-01	7.019474e-01
1	1.50006	2.974363e-01	7.024433e+01	-1.063619e+00	2.214366e-01	7.025129e-01
4	1.50448	2.988071e-01	7.051670e+01	-1.065956e+00	1.212411e-01	7.011425e-01
5	1.41029	3.008183e-01	6.997976e+01	-1.021929e+00	8.737822e-02	6.991306e-01
1	0.58418	2.991105e-01	7.000618e+01	-9.835170e-01	-5.481606e-02	7.008384e-01
21	0.252275	3.002164e-01	7.015630e+01	-1.013823e+00	-3.420410e-03	6.997328e-01
9	0.222995	2.991912e-01	7.007581e+01	-9.955861e-01	-2.646107e-02	7.007578e-01
1	1.75995	2.933931e-01	7.015316e+01	-1.045093e+00	2.494159e-01	7.065561e-01
5	1.68277	2.965416e-01	7.007227e+01	-1.049281e+00	2.245414e-01	7.034074e-01
4	0.961235	2.975510e-01	6.996340e+01	-1.021030e+00	1.410140e-01	7.023979e-01
4	2.82939	2.908339e-01	7.023440e+01	-1.033417e+00	2.391377e-01	7.091154e-01
2	3.35169	2.868803e-01	7.061897e+01	-1.068545e+00	3.258972e-01	7.130695e-01
3	1.04665	2.960182e-01	7.006378e+01	-9.944470e-01	2.952493e-02	7.039308e-01
5	0.63441	2.987838e-01	7.014984e+01	-1.041609e+00	1.373994e-01	7.011654e-01
1	1.78571	2.941643e-01	7.036764e+01	-1.080011e+00	2.967600e-01	7.057851e-01
9	0.87369	3.023613e-01	6.993557e+01	-9.828927e-01	-1.099102e-01	6.975876e-01
3	1.53198	3.028969e-01	6.978905e+01	-9.399764e-01	-2.358512e-01	6.970517e-01
1	1.50398	3.066796e-01	6.949095e+01	-9.085046e-01	-3.278092e-01	6.932686e-01
6	0.85278	3.053022e-01	6.990587e+01	-9.771713e-01	-1.716764e-01	6.946465e-01
1	1.16018	2.992749e-01	7.032395e+01	-1.041784e+00	6.038729e-02	7.006745e-01
2	0.570615	2.986563e-01	6.986035e+01	-1.000681e+00	6.492795e-02	7.012924e-01
14	1.36325	2.923749e-01	7.024982e+01	-1.027787e+00	1.782178e-01	7.075744e-01
2	0.78435	2.935957e-01	7.041295e+01	-1.055034e+00	2.051389e-01	7.063538e-01
6	0.84353	2.964383e-01	7.000007e+01	-9.917764e-01	3.176207e-02	7.035106e-01
8	0.152675	2.985079e-01	7.015643e+01	-1.010682e+00	2.062597e-02	7.014413e-01
9	0.337881	2.963490e-01	7.016762e+01	-1.023259e+00	1.038725e-01	7.036001e-01
7	1.21219	2.978476e-01	7.014691e+01	-1.013838e+00	7.036402e-02	7.021016e-01
3	1.19506	3.044621e-01	6.981208e+01	-9.797708e-01	-9.378957e-02	6.954865e-01
2	0.973365	3.051353e-01	6.942845e+01	-9.394326e-01	-1.609758e-01	6.948128e-01
5	0.242702	2.983934e-01	7.023082e+01	-1.034938e+00	9.285876e-02	7.015558e-01
1	0.093276	2.992577e-01	7.010154e+01	-1.014798e+00	3.596346e-02	7.006914e-01
5	0.584695	3.017959e-01	6.978785e+01	-9.813620e-01	-5.513216e-02	6.981527e-01
2	0.85238	2.987702e-01	6.975216e+01	-9.840348e-01	3.134498e-02	7.011784e-01
3	1.39711	2.913423e-01	7.048083e+01	-1.068068e+00	2.799172e-01	7.086073e-01
5	0.695585	3.000329e-01	7.008358e+01	-1.035317e+00	1.038764e-01	6.999161e-01
3	0.454871	3.029425e-01	6.969158e+01	-9.730462e-01	-6.225369e-02	6.970060e-01
3	0.667865	2.958909e-01	7.016078e+01	-1.003124e+00	4.661425e-02	7.040583e-01
5	0.284968	3.008739e-01	6.987829e+01	-9.834288e-01	-5.254567e-02	6.990748e-01
2	1.39363	3.051406e-01	6.975063e+01	-9.921044e-01	-7.128464e-02	6.948080e-01
3	0.438694	3.009982e-01	6.984210e+01	-1.000074e+00	3.098456e-02	6.989505e-01
7	1.49453	3.006168e-01	6.956252e+01	-9.508208e-01	-7.915910e-02	6.993315e-01
3	2.64735	3.003015e-01	7.006558e+01	-9.882073e-01	-9.961933e-02	6.996475e-01
2	1.40167	2.948870e-01	7.013693e+01	-1.009327e+00	8.065989e-02	7.050621e-01
1	0.79662	2.972108e-01	6.989797e+01	-1.003223e+00	8.949559e-02	7.027380e-01
2	0.63447	2.963395e-01	7.006060e+01	-1.002358e+00	5.555908e-02	7.036095e-01
3	0.8838	2.958963e-01	7.014389e+01	-1.018775e+00	9.534143e-02	7.040528e-01
1	1.55209	2.950369e-01	7.057053e+01	-1.058725e+00	1.378854e-01	7.049128e-01
1	0.347733	2.992088e-01	7.007267e+01	-1.025548e+00	8.422431e-02	7.007402e-01
4	0.202979	2.997574e-01	6.997208e+01	-9.882511e-01	-3.702036e-02	7.001915e-01
3	0.97273	2.994522e-01	6.990276e+01	-9.605951e-01	-1.114322e-01	7.004966e-01
3	0.875035	3.041613e-01	6.985206e+01	-9.675237e-01	-1.516016e-01	6.957874e-01
4	0.854935	3.030991e-01	7.003497e+01	-9.811908e-01	-1.417464e-01	6.968499e-01
1	0.460319	2.983417e-01	7.004333e+01	-1.020852e+00	1.047493e-01	7.016073e-01
3	0.0905295	2.986158e-01	7.010184e+01	-1.014529e+00	4.769493e-02	7.013333e-01
1	0.51525	2.964781e-01	7.040567e+01	-1.053997e+00	1.514614e-01	7.034714e-01
9	0.402768	2.973358e-01	7.034356e+01	-1.045547e+00	1.197058e-01	7.026136e-01
2	0.552	2.973017e-01	7.020686e+01	-1.044917e+00	1.626044e-01	7.026476e-01
7	1.66753	3.045769e-01	6.962748e+01	-9.742609e-01	-9.582882e-02	6.953715e-01
1	2.0266	3.031082e-01	6.968270e+01	-9.371820e-01	-2.265317e-01	6.968402e-01
3	1.31027	3.019468e-01	7.006159e+01	-9.880952e-01	-1.223353e-01	6.980022e-01
7	0.820135	3.013337e-01	7.015059e+01	-1.000327e+00	-8.239652e-02	6.986155e-01
2	1.04154	2.962326e-01	7.007559e+01	-9.887609e-01	4.784217e-03	7.037164e-01
1	1.19386	2.963192e-01	7.024367e+01	-1.005488e+00	1.160563e-02	7.036301e-01
1	0.645695	2.950940e-01	7.028264e+01	-1.037816e+00	1.459559e-01	7.048553e-01
4	0.76154	2.945126e-01	7.044031e+01	-1.057779e+00	1.880983e-01	7.054370e-01
2	0.723155	2.989075e-01	7.008377e+01	-9.996741e-01	-1.826554e-02	7.010415e-01
5	0.353247	3.036569e-01	6.969010e+01	-9.575814e-01	-1.364466e-01	6.962916e-01
3	0.859525	2.938546e-01	7.040938e+01	-1.035457e+00	1.336796e-01	7.060950e-01
2	0.387119	2.992508e-01	7.002608e+01	-9.836106e-01	-5.182048e-02	7.006982e-01
2	0.90839	2.988822e-01	6.982783e+01	-9.609631e-01	-7.605959e-02	7.010665e-01
4	0.7626	2.976151e-01	6.991580e+01	-9.774310e-01	-1.656949e-02	7.023337e-01
6	2.55281	2.929216e-01	7.017635e+01	-9.990355e-01	7.061749e-02	7.070276e-01
3	2.00623	2.915787e-01	7.074110e+01	-1.078796e+00	2.345650e-01	7.083713e-01
9	0.449711	2.961041e-01	7.015308e+01	-1.032542e+00	1.529027e-01	7.038451e-01
4	0.58712	3.049254e-01	6.964714e+01	-9.491784e-01	-1.931187e-01	6.950230e-01
6	0.62003	3.031573e-01	6.993019e+01	-9.683035e-01	-1.672640e-01	6.967915e-01
1	1.13661	3.058390e-01	6.990157e+01	-9.739099e-01	-1.992436e-01	6.941098e-01
2	1.3924	3.075895e-01	6.961885e+01	-9.671493e-01	-1.716901e-01	6.923588e-01
5	2.78024	3.114610e-01	6.940130e+01	-9.442858e-01	-2.701747e-01	6.884870e-01
1	2.00312	3.073141e-01	6.952385e+01	-9.748297e-01	-9.700108e-02	6.926341e-01
1	1.02657	3.064994e-01	6.946898e+01	-9.485185e-01	-1.631550e-01	6.934487e-01
2	1.41454	3.059320e-01	6.942859e+01	-9.550913e-01	-1.148371e-01	6.940161e-01
11	1.0088	3.045513e-01	6.980379e+01	-9.759467e-01	-1.096812e-01	6.953974e-01
3	0.623025	2.994046e-01	7.016338e+01	-1.031368e+00	6.984444e-02	7.005446e-01
8	1.30079	3.005029e-01	6.977885e+01	-9.908927e-01	3.646491e-03	6.994457e-01
5	1.21636	2.940344e-01	7.012326e+01	-1.012842e+00	1.190932e-01	7.059147e-01
2	0.264676	2.976033e-01	7.001197e+01	-1.001915e+00	5.400805e-02	7.023457e-01
2	1.03656	2.992209e-01	6.982265e+01	-9.581596e-01	-9.551213e-02	7.007278e-01
3	1.12864	3.029756e-01	6.968917e+01	-9.331554e-01	-2.144273e-01	6.969728e-01
10	0.996485	2.995415e-01	7.009225e+01	-9.896188e-01	-4.250406e-02	7.004076e-01
2	0.62483	3.049573e-01	6.987216e+01	-9.809518e-01	-1.347943e-01	6.949915e-01
1	1.58366	3.078706e-01	6.957352e+01	-9.671709e-01	-1.613943e-01	6.920777e-01
1	0.442442	2.992503e-01	6.995032e+01	-1.015519e+00	8.792037e-02	7.006985e-01
5	0.307194	2.983489e-01	7.017850e+01	-1.035808e+00	1.155007e-01	7.016003e-01
1	1.04915	3.015830e-01	6.954603e+01	-9.520347e-01	-8.347798e-02	6.983653e-01
2	1.15944	3.016474e-01	6.964536e+01	-9.335241e-01	-1.765959e-01	6.983010e-01
12	0.365153	2.991266e-01	7.022081e+01	-1.027875e+00	6.367432e-02	7.008227e-01
4	1.84553	2.945171e-01	7.062318e+01	-1.098874e+00	2.884231e-01	7.054327e-01
4	1.73843	3.008648e-01	7.029112e+01	-1.054089e+00	8.561250e-02	6.990846e-01
2	1.3437	3.058634e-01	6.991738e+01	-9.761739e-01	-2.003895e-01	6.940854e-01
1	1.31194	3.013543e-01	7.019580e+01	-1.038546e+00	4.566153e-02	6.985949e-01
1	2.20943	3.029639e-01	6.979980e+01	-1.012403e+00	2.898725e-02	6.969847e-01
1	2.72062	3.031827e-01	7.000073e+01	-1.020308e+00	-1.531805e-02	6.967662e-01
8	2.67553	3.080107e-01	6.981285e+01	-9.434606e-01	-3.503321e-01	6.919380e-01
1	2.95584	3.087630e-01	6.990885e+01	-9.563469e-01	-3.391312e-01	6.911858e-01
5	2.66594	3.104508e-01	6.957978e+01	-9.316971e-01	-3.724827e-01	6.894975e-01
1	1.25348	2.995852e-01	6.996954e+01	-9.952029e-01	-2.112241e-02	7.003637e-01
4	1.77369	3.045499e-01	7.001741e+01	-1.010647e+00	-7.666390e-02	6.953991e-01
1	2.26689	2.994986e-01	7.000341e+01	-1.018568e+00	5.203766e-02	7.004504e-01
9	2.07361	3.080514e-01	6.982121e+01	-9.621512e-01	-2.755116e-01	6.918973e-01
1	2.11698	3.077169e-01	6.983613e+01	-9.816346e-01	-1.703458e-01	6.922318e-01
2	1.84782	3.102581e-01	6.943483e+01	-9.133484e-01	-3.723007e-01	6.896900e-01
5	0.357395	3.030329e-01	6.979431e+01	-9.892698e-01	-4.002586e-02	6.969158e-01
6	0.55877	2.982530e-01	6.985914e+01	-9.933634e-01	4.508540e-02	7.016958e-01
1	0.91492	3.014752e-01	6.971877e+01	-9.784209e-01	-4.078235e-02	6.984733e-01
2	1.68374	3.059797e-01	6.995055e+01	-9.766059e-01	-2.150964e-01	6.939691e-01
1	2.38023	2.982049e-01	7.060979e+01	-1.045230e+00	1.371865e-02	7.017449e-01
9	1.60508	3.015083e-01	7.028742e+01	-1.004316e+00	-9.770530e-02	6.984411e-01
3	0.215781	3.022321e-01	7.000265e+01	-9.958423e-01	-6.240481e-02	6.977168e-01
17	0.419654	3.047757e-01	6.975931e+01	-9.725765e-01	-1.276825e-01	6.951728e-01
6	0.330985	2.973127e-01	7.007794e+01	-1.015161e+00	9.269706e-02	7.026364e-01
4	0.653515	2.951832e-01	7.017661e+01	-1.036170e+00	1.720292e-01	7.047660e-01
3	0.559565	2.972854e-01	7.032306e+01	-1.053847e+00	1.577548e-01	7.026640e-01
4	0.440408	2.972242e-01	7.012424e+01	-1.026917e+00	1.100445e-01	7.027249e-01
2	0.309823	3.008351e-01	7.014661e+01	-1.009454e+00	-2.762332e-02	6.991140e-01
10	0.498347	2.985873e-01	7.021608e+01	-1.021224e+00	5.484701e-02	7.013620e-01
8	0.401614	3.025847e-01	7.004137e+01	-1.000754e+00	-6.599100e-02	6.973643e-01
3	0.471127	2.983486e-01	7.023646e+01	-1.034457e+00	8.292607e-02	7.016006e-01
1	0.918445	2.979376e-01	6.992907e+01	-9.830630e-01	-1.381958e-02	7.020112e-01
2	0.247096	2.995423e-01	7.008759e+01	-1.005961e+00	1.411258e-02	7.004067e-01
3	1.57901	2.914640e-01	7.046429e+01	-1.064155e+00	2.744678e-01	7.084856e-01
3	0.689545	2.976493e-01	7.007097e+01	-9.981724e-01	3.082806e-02	7.022997e-01
7	1.11037	2.937758e-01	7.036325e+01	-1.059360e+00	2.259634e-01	7.061737e-01
2	2.96351	3.017481e-01	7.035770e+01	-1.067400e+00	9.394341e-02	6.982013e-01
3	2.43322	3.078481e-01	6.980399e+01	-9.733136e-01	-2.284783e-01	6.921005e-01
2	2.95472	3.022875e-01	7.001632e+01	-9.923772e-01	-1.136680e-01	6.976615e-01
2	2.34888	2.997288e-01	7.056385e+01	-1.061314e+00	5.442041e-02	7.002209e-01
1	1.50682	3.002258e-01	7.020874e+01	-9.865398e-01	-1.127482e-01	6.997234e-01
8	1.15759	2.980235e-01	7.016500e+01	-9.923540e-01	-2.547937e-02	7.019257e-01
8	0.642045	3.037999e-01	6.968916e+01	-9.484442e-01	-1.871115e-01	6.961486e-01
17	0.418012	2.996741e-01	7.005948e+01	-9.914303e-01	-3.466750e-02	7.002749e-01
7	0.6442	2.991691e-01	6.984175e+01	-9.681636e-01	-5.064708e-02	7.007796e-01
1	0.83808	3.002172e-01	7.015070e+01	-1.033200e+00	8.622491e-02	6.997320e-01
1	1.69324	3.031344e-01	7.013822e+01	-1.022748e+00	-5.571648e-03	6.968148e-01
6	0.508855	3.049902e-01	6.961765e+01	-9.581335e-01	-1.467194e-01	6.949581e-01
1	3.66726	3.018082e-01	7.024664e+01	-1.001485e+00	-1.408042e-01	6.981411e-01
3	4.11499	3.105784e-01	6.951019e+01	-8.933997e-01	-4.653587e-01	6.893698e-01
5	3.17755	3.061984e-01	7.008176e+01	-9.785310e-01	-2.260545e-01	6.937507e-01
3	3.87996	3.030864e-01	7.029187e+01	-1.046974e+00	4.988195e-02	6.968629e-01
2	3.30037	3.054062e-01	7.005785e+01	-1.041628e+00	3.602651e-02	6.945428e-01
1	1.55001	3.040330e-01	7.008011e+01	-1.017847e+00	-2.943086e-02	6.959161e-01
5	0.790905	2.987976e-01	7.033368e+01	-1.052130e+00	1.255281e-01	7.011518e-01
1	0.56233	2.986766e-01	7.028461e+01	-1.040342e+00	1.009991e-01	7.012727e-01
1	0.77648	2.990095e-01	6.996679e+01	-1.023888e+00	1.117922e-01	7.009394e-01
14	0.249072	3.005985e-01	6.996733e+01	-1.012238e+00	4.273105e-02	6.993504e-01
4	0.97326	3.045678e-01	6.944034e+01	-9.324057e-01	-1.744519e-01	6.953803e-01
2	1.32839	3.022051e-01	6.961778e+01	-9.459380e-01	-1.492158e-01	6.977433e-01
1	0.626495	3.041813e-01	6.976505e+01	-9.815919e-01	-9.258817e-02	6.957673e-01
3	0.789085	3.053347e-01	6.980248e+01	-9.839277e-01	-1.055133e-01	6.946140e-01
3	0.96155	3.074463e-01	6.960468e+01	-9.469649e-01	-2.385756e-01	6.925021e-01
3	0.756455	2.991785e-01	7.011189e+01	-1.010758e+00	3.927421e-02	7.007706e-01
13	0.63587	3.017573e-01	6.962214e+01	-9.662405e-01	-5.167976e-02	6.981910e-01
3	0.82853	2.958345e-01	7.008193e+01	-1.002073e+00	5.725558e-02	7.041146e-01
11	0.790645	3.026813e-01	6.953698e+01	-9.448239e-01	-1.260633e-01	6.972670e-01
2	0.582635	2.997017e-01	6.985435e+01	-1.001025e+00	5.840519e-02	7.002470e-01
2	1.83951	2.991253e-01	6.958389e+01	-9.577015e-01	-3.086495e-02	7.008230e-01
4	2.29503	3.042325e-01	6.933791e+01	-9.197094e-01	-2.057380e-01	6.957154e-01
1	1.44779	3.045285e-01	6.959607e+01	-9.225246e-01	-2.748292e-01	6.954198e-01
3	0.877535	3.052408e-01	6.991364e+01	-9.761299e-01	-1.729698e-01	6.947080e-01
1	0.80468	2.976827e-01	7.037969e+01	-1.024103e+00	2.296872e-02	7.022668e-01
6	0.6759	2.956527e-01	7.038008e+01	-1.029757e+00	8.333560e-02	7.042967e-01
1	1.60782	2.932242e-01	7.063507e+01	-1.073441e+00	2.108270e-01	7.067256e-01
2	1.54117	3.015627e-01	7.037118e+01	-1.035057e+00	-1.255174e-02	6.983868e-01
1	1.55947	2.993989e-01	7.010233e+01	-9.728852e-01	-1.291942e-01	7.005502e-01
15	0.547445	2.998616e-01	7.011606e+01	-9.918533e-01	-6.838643e-02	7.000875e-01
7	0.61138	2.969484e-01	7.027501e+01	-1.011758e+00	2.437312e-02	7.030009e-01
6	0.619685	3.034586e-01	6.960737e+01	-9.411154e-01	-1.775691e-01	6.964898e-01
7	1.34265	3.057900e-01	6.933381e+01	-9.134788e-01	-2.443090e-01	6.941579e-01
1	3.23847	3.124572e-01	6.899848e+01	-8.586879e-01	-4.857592e-01	6.874902e-01
3	3.3937	3.069517e-01	6.909380e+01	-8.651626e-01	-3.697106e-01	6.929959e-01
5	2.63523	3.030282e-01	6.974350e+01	-9.161242e-01	-3.086821e-01	6.969203e-01
1	1.85618	2.975087e-01	6.986572e+01	-9.570474e-01	-8.043915e-02	7.024400e-01
7	0.79614	2.949018e-01	7.023664e+01	-1.018086e+00	1.056897e-01	7.050475e-01
10	0.276711	2.976533e-01	7.006045e+01	-1.020773e+00	1.068907e-01	7.022957e-01
3	0.696385	3.024043e-01	6.973385e+01	-9.490011e-01	-1.685863e-01	6.975442e-01
6	0.752	3.012046e-01	6.999746e+01	-9.886716e-01	-8.155705e-02	6.987443e-01
3	1.01324	3.007522e-01	6.970413e+01	-9.698682e-01	-5.449509e-02	6.991963e-01
4	1.17928	3.026725e-01	7.014580e+01	-9.894692e-01	-1.420552e-01	6.972766e-01
2	2.09032	2.984067e-01	7.046687e+01	-1.082680e+00	2.105679e-01	7.015429e-01
4	1.1964	3.000841e-01	6.992242e+01	-1.002758e+00	1.234994e-02	6.998647e-01
2	1.32466	2.999551e-01	6.968799e+01	-9.709931e-01	-3.097011e-02	6.999934e-01
3	1.4561	2.976961e-01	7.001006e+01	-1.039806e+00	1.831168e-01	7.022529e-01
5	1.27137	2.932911e-01	7.027516e+01	-1.049566e+00	2.379498e-01	7.066582e-01
10	0.178763	2.984119e-01	7.022565e+01	-1.030348e+00	7.928171e-02	7.015373e-01
2	1.05105	2.928293e-01	7.049210e+01	-1.047403e+00	1.741173e-01	7.071203e-01
1	1.06669	2.970048e-01	7.010147e+01	-1.004255e+00	2.978924e-02	7.029443e-01
4	0.958265	2.954323e-01	7.024732e+01	-1.043447e+00	1.661060e-01	7.045170e-01
1	1.41873	2.945197e-01	7.055911e+01	-1.062236e+00	1.909765e-01	7.054300e-01
1	2.81804	2.926454e-01	7.088433e+01	-1.078619e+00	1.909398e-01	7.073048e-01
3	1.30044	2.940980e-01	7.061063e+01	-1.055248e+00	1.502713e-01	7.058518e-01
3	0.82188	2.985084e-01	7.042294e+01	-1.040546e+00	5.669752e-02	7.014411e-01
4	0.313744	2.999679e-01	6.996422e+01	-9.888738e-01	-3.973133e-02	6.999810e-01
3	0.266403	2.979734e-01	6.997156e+01	-1.002556e+00	6.012916e-02	7.019755e-01
4	1.05253	3.025037e-01	6.973270e+01	-9.725510e-01	-9.109455e-02	6.974448e-01
3	1.47843	3.042624e-01	6.989404e+01	-9.499459e-01	-2.413680e-01	6.956864e-01
11	0.721845	3.003854e-01	7.024420e+01	-1.016201e+00	-2.840193e-02	6.995638e-01
3	0.439103	3.041409e-01	6.979666e+01	-9.660091e-01	-1.459572e-01	6.958078e-01
7	0.268906	2.972657e-01	7.005742e+01	-1.009118e+00	6.619051e-02	7.026833e-01
8	0.669105	2.993691e-01	7.023486e+01	-1.007726e+00	-3.492060e-02	7.005802e-01
5	0.68663	3.008784e-01	6.999492e+01	-9.860789e-01	-8.258767e-02	6.990705e-01
1	1.36039	3.025371e-01	7.009389e+01	-9.939670e-01	-1.218765e-01	6.974120e-01
1	0.371656	2.984667e-01	7.022078e+01	-1.033892e+00	9.908148e-02	7.014826e-01
4	0.408135	2.980869e-01	6.995107e+01	-1.009717e+00	8.873230e-02	7.018620e-01
20	0.088208	2.989011e-01	7.001977e+01	-1.000118e+00	1.275092e-02	7.010478e-01
10	0.549345	2.975248e-01	7.018004e+01	-1.043679e+00	1.573033e-01	7.024243e-01
7	0.80106	3.017860e-01	6.993031e+01	-1.012582e+00	4.164606e-02	6.981628e-01
4	1.52158	3.002317e-01	7.010338e+01	-1.049353e+00	1.526746e-01	6.997174e-01
2	0.945995	3.034754e-01	7.001249e+01	-1.017932e+00	-6.323092e-03	6.964735e-01
2	1.19158	3.076500e-01	6.969711e+01	-9.516707e-01	-2.562506e-01	6.922985e-01
4	0.72113	3.064729e-01	6.961016e+01	-9.540571e-01	-1.899802e-01	6.934755e-01
1	0.654775	3.013546e-01	6.963338e+01	-9.676106e-01	-3.968702e-02	6.985937e-01
5	1.51736	3.030029e-01	6.965624e+01	-9.324642e-01	-2.268194e-01	6.969455e-01
7	0.66188	2.951912e-01	7.012006e+01	-1.026505e+00	1.555664e-01	7.047579e-01
3	2.12796	3.048229e-01	6.928518e+01	-9.355177e-01	-1.336689e-01	6.951250e-01
3	2.00197	3.050654e-01	6.950488e+01	-9.744531e-01	-6.045371e-02	6.948828e-01
1	2.26144	3.086117e-01	6.937383e+01	-9.541567e-01	-1.610432e-01	6.913363e-01
2	1.19366	3.036947e-01	6.967303e+01	-9.886981e-01	-2.753700e-02	6.962537e-01
6	1.26906	3.008079e-01	6.991582e+01	-1.016090e+00	5.341587e-02	6.991409e-01
2	0.574765	3.011715e-01	7.018412e+01	-1.023449e+00	1.402433e-02	6.987777e-01
4	0.287226	3.019619e-01	6.980204e+01	-9.700724e-01	-1.000472e-01	6.979867e-01
19	0.512615	3.030274e-01	6.965513e+01	-9.736109e-01	-5.733872e-02	6.969210e-01
10	1.46488	3.025856e-01	6.991331e+01	-1.023236e+00	5.200492e-02	6.973632e-01
1	1.33661	3.039141e-01	6.967253e+01	-9.857887e-01	-2.210923e-02	6.960343e-01
1	0.73369	3.029897e-01	6.964571e+01	-9.788142e-01	-3.621747e-02	6.969587e-01
2	1.89783	3.017052e-01	6.967092e+01	-9.619498e-01	-5.705693e-02	6.982432e-01
2	0.590325	2.971538e-01	7.036317e+01	-1.026648e+00	4.963661e-02	7.027957e-01
15	1.61108	2.988938e-01	7.021346e+01	-1.011563e+00	2.396321e-02	7.010554e-01
20	0.884265	3.008980e-01	7.011870e+01	-9.903484e-01	-8.036422e-02	6.990511e-01
10	0.37003	3.003918e-01	6.999249e+01	-1.011794e+00	2.970363e-02	6.995571e-01
4	0.80055	2.971594e-01	7.040607e+01	-1.030460e+00	5.676213e-02	7.027901e-01
4	0.847755	2.954910e-01	7.017046e+01	-1.016761e+00	1.115029e-01	7.044582e-01
1	1.08441	2.994133e-01	6.973640e+01	-9.884332e-01	5.188567e-02	7.005352e-01
2	1.65986	2.982800e-01	6.982778e+01	-9.926618e-01	7.187454e-02	7.016687e-01
1	1.03378	3.040424e-01	6.961262e+01	-9.406022e-01	-1.763194e-01	6.959059e-01
4	0.535715	3.017469e-01	6.966600e+01	-9.512720e-01	-1.197554e-01	6.982016e-01
1	0.408785	3.000955e-01	7.013775e+01	-9.994073e-01	-5.050708e-02	6.998536e-01
1	0.38142	2.999594e-01	6.995547e+01	-9.755807e-01	-7.965009e-02	6.999894e-01
6	1.37759	3.031955e-01	6.987082e+01	-9.638226e-01	-1.829890e-01	6.967532e-01
3	0.831775	3.027381e-01	6.959702e+01	-9.357632e-01	-1.786792e-01	6.972102e-01
3	0.691435	3.063225e-01	6.962163e+01	-9.480101e-01	-2.152646e-01	6.936258e-01
1	0.52375	3.046927e-01	6.982894e+01	-9.663932e-01	-1.717982e-01	6.952560e-01
4	0.65878	2.966893e-01	7.023766e+01	-1.010691e+00	4.389129e-02	7.032599e-01
21	1.11125	3.048028e-01	6.961054e+01	-9.270009e-01	-2.504950e-01	6.951455e-01
4	1.05061	2.984216e-01	7.023073e+01	-9.984373e-01	-3.377306e-02	7.015277e-01
12	1.35926	3.033744e-01	7.001944e+01	-9.771348e-01	-1.786933e-01	6.965746e-01
8	1.39979	3.075898e-01	6.951289e+01	-9.296893e-01	-2.887367e-01	6.923584e-01
4	1.49357	3.068427e-01	6.940745e+01	-9.507490e-01	-1.424405e-01	6.931054e-01
9	1.19954	3.069558e-01	6.947637e+01	-9.517434e-01	-1.601866e-01	6.929924e-01
3	0.60124	3.040586e-01	6.965374e+01	-9.660359e-01	-9.757034e-02	6.958899e-01
1	0.73163	3.035938e-01	6.986566e+01	-9.999636e-01	-4.062728e-02	6.963549e-01
26	0.495717	3.003467e-01	6.981820e+01	-9.717800e-01	-6.800066e-02	6.996019e-01
2	0.359881	3.008382e-01	6.983599e+01	-9.674478e-01	-9.535992e-02	6.991105e-01
6	0.780015	3.003487e-01	6.999837e+01	-9.704358e-01	-1.215180e-01	6.996002e-01
5	0.717035	3.057984e-01	6.970304e+01	-9.565405e-01	-2.017522e-01	6.941501e-01
4	0.646075	3.048304e-01	6.968604e+01	-9.556530e-01	-1.813399e-01	6.951181e-01
4	0.882435	3.061072e-01	6.953053e+01	-9.277190e-01	-2.599457e-01	6.938410e-01
3	0.696775	3.036328e-01	6.977908e+01	-9.818831e-01	-6.373372e-02	6.963158e-01
8	0.365451	3.022186e-01	6.999943e+01	-1.001508e+00	-3.230464e-02	6.977303e-01
1	0.409753	3.024519e-01	7.004526e+01	-9.936390e-01	-8.857641e-02	6.974971e-01
1	1.0473	2.969584e-01	7.045744e+01	-1.069756e+00	1.913525e-01	7.029912e-01
14	0.7409	3.032939e-01	6.995252e+01	-1.011968e+00	-7.821754e-03	6.966550e-01
4	2.33682	3.054181e-01	7.011656e+01	-1.026911e+00	-5.423120e-02	6.945310e-01
6	1.51457	2.982814e-01	7.023421e+01	-1.053129e+00	1.472616e-01	7.016679e-01
1	1.82489	3.056280e-01	6.980547e+01	-9.985209e-01	-7.704551e-02	6.943206e-01
5	0.685935	3.049216e-01	6.981357e+01	-9.857005e-01	-1.040103e-01	6.950271e-01
1	1.43293	2.942951e-01	7.057867e+01	-1.086477e+00	2.712107e-01	7.056547e-01
5	1.89719	2.981059e-01	7.048868e+01	-1.079402e+00	1.796306e-01	7.018438e-01
3	1.05269	3.054742e-01	6.994078e+01	-9.926335e-01	-1.251670e-01	6.944746e-01
2	0.81951	2.968675e-01	7.043816e+01	-1.058323e+00	1.441233e-01	7.030820e-01
6	0.98838	2.968540e-01	7.026671e+01	-1.036369e+00	1.041782e-01	7.030953e-01
9	0.763705	2.965967e-01	7.009523e+01	-1.009394e+00	8.557441e-02	7.033524e-01
8	0.204936	3.020199e-01	6.981451e+01	-9.747297e-01	-8.630763e-02	6.979288e-01
1	0.914245	3.001992e-01	6.990300e+01	-1.014881e+00	6.943132e-02	6.997496e-01
2	1.09135	3.013955e-01	6.975832e+01	-9.943707e-01	9.343444e-03	6.985531e-01
6	1.43691	2.994345e-01	6.987287e+01	-9.978025e-01	5.818772e-02	7.005142e-01
2	1.43563	2.970551e-01	6.983760e+01	-9.828497e-01	5.070370e-02	7.028936e-01
2	1.9794	2.964645e-01	7.006292e+01	-1.016215e+00	1.310540e-01	7.034845e-01
6	2.25964	3.021936e-01	6.996234e+01	-9.561011e-01	-1.814597e-01	6.977553e-01
2	1.38265	3.031474e-01	6.953920e+01	-9.495893e-01	-9.974794e-02	6.968009e-01
1	0.471081	2.971028e-01	6.997479e+01	-9.934767e-01	3.858813e-02	7.028461e-01
25	0.413419	2.987622e-01	6.998581e+01	-9.857393e-01	-3.124986e-02	7.011867e-01
5	0.558725	2.984769e-01	7.012290e+01	-9.950061e-01	-1.668125e-02	7.014722e-01
4	0.54263	3.004132e-01	7.014872e+01	-9.967576e-01	-6.941106e-02	6.995360e-01
8	0.73803	2.970148e-01	7.021023e+01	-1.001245e+00	6.400653e-03	7.029344e-01
7	0.09845	2.985574e-01	7.009294e+01	-1.019861e+00	7.527211e-02	7.013916e-01
1	0.84978	2.986118e-01	7.022506e+01	-1.045982e+00	1.225755e-01	7.013375e-01
3	2.05933	2.944286e-01	7.068539e+01	-1.104845e+00	2.950729e-01	7.055213e-01
2	2.17069	2.923007e-01	7.072929e+01	-1.089862e+00	2.601439e-01	7.076493e-01
6	1.37108	3.027402e-01	6.997201e+01	-1.026036e+00	4.194098e-02	6.972086e-01
12	0.903655	3.006948e-01	6.985685e+01	-1.008252e+00	4.839387e-02	6.992539e-01
8	1.01307	3.006770e-01	6.969360e+01	-9.906566e-01	4.010926e-02	6.992714e-01
1	1.2049	3.021261e-01	6.969585e+01	-9.935343e-01	1.452964e-02	6.978224e-01
2	1.04341	3.067538e-01	6.975350e+01	-9.744112e-01	-1.604351e-01	6.931948e-01
7	1.1179	3.057474e-01	6.980456e+01	-9.512546e-01	-2.537827e-01	6.942012e-01
2	1.11306	3.041120e-01	7.004504e+01	-9.821293e-01	-1.713257e-01	6.958370e-01
6	0.429081	2.989502e-01	7.020455e+01	-1.016037e+00	2.982463e-02	7.009990e-01
9	0.0847875	2.994220e-01	6.998754e+01	-1.007811e+00	4.395442e-02	7.005269e-01
1	1.58963	3.005332e-01	7.001834e+01	-1.028557e+00	1.068785e-01	6.994158e-01
2	1.59882	3.035245e-01	6.992886e+01	-9.919844e-01	-5.959487e-02	6.964243e-01
5	0.636465	3.037316e-01	6.971446e+01	-9.620118e-01	-1.213477e-01	6.962169e-01
1	0.86895	2.989892e-01	7.001877e+01	-1.021467e+00	1.064316e-01	7.009598e-01
3	1.28621	2.977045e-01	7.025337e+01	-1.060836e+00	2.037770e-01	7.022448e-01
20	1.78303	2.999009e-01	7.017488e+01	-1.059989e+00	1.688920e-01	7.000483e-01
1	1.95789	2.978310e-01	7.045096e+01	-1.042626e+00	4.970505e-02	7.021186e-01
1	1.70111	3.028100e-01	6.982657e+01	-9.728690e-01	-1.316779e-01	6.971387e-01
5	1.05248	3.042255e-01	6.965190e+01	-9.664093e-01	-1.226814e-01	6.957229e-01
8	0.459649	2.967832e-01	7.019795e+01	-1.042020e+00	1.602165e-01	7.031660e-01
4	0.291764	2.997606e-01	6.985252e+01	-9.792852e-01	-2.422374e-02	7.001881e-01
5	1.30782	2.948569e-01	7.032062e+01	-1.054696e+00	2.222245e-01	7.050924e-01
1	1.31632	2.999107e-01	6.978648e+01	-9.912677e-01	4.638102e-02	7.000379e-01
11	0.71871	3.044713e-01	6.971233e+01	-9.784476e-01	-9.385611e-02	6.954772e-01
2	0.645465	3.036817e-01	6.982533e+01	-9.720139e-01	-1.162597e-01	6.962669e-01
2	0.65681	2.974822e-01	7.038183e+01	-1.040647e+00	9.812573e-02	7.024673e-01
13	0.65942	2.977455e-01	7.015559e+01	-1.040428e+00	1.550000e-01	7.022037e-01
3	0.98803	3.034173e-01	7.006415e+01	-1.011028e+00	-3.981584e-02	6.965317e-01
6	0.56649	3.027483e-01	6.998622e+01	-1.001565e+00	-3.689376e-02	6.972006e-01
4	1.29479	3.046664e-01	6.980315e+01	-9.753727e-01	-1.110617e-01	6.952822e-01
4	2.70404	2.961502e-01	6.998467e+01	-9.851431e-01	4.653921e-02	7.037987e-01
2	2.79853	2.972765e-01	7.017492e+01	-9.717478e-01	-9.038283e-02	7.026727e-01
5	2.35357	2.993924e-01	7.039096e+01	-1.000406e+00	-1.027730e-01	7.005571e-01
3	1.26693	2.981969e-01	7.024993e+01	-1.012303e+00	-8.510959e-03	7.017524e-01
8	1.68324	2.952654e-01	7.050530e+01	-1.059325e+00	1.501604e-01	7.046842e-01
4	0.993445	2.969447e-01	7.044154e+01	-1.044916e+00	8.841002e-02	7.030048e-01
1	0.62666	2.954232e-01	7.019142e+01	-1.020087e+00	1.009685e-01	7.045260e-01
2	0.926675	2.964092e-01	7.010792e+01	-1.007666e+00	8.058672e-02	7.035399e-01
12	1.13772	2.993412e-01	7.014225e+01	-1.011864e+00	-3.610791e-03	7.006079e-01
7	0.8816	2.939492e-01	7.032554e+01	-1.055079e+00	2.220009e-01	7.060002e-01
4	0.322754	2.993603e-01	6.987570e+01	-9.859958e-01	-9.893544e-03	7.005885e-01
2	0.642005	2.993859e-01	7.017880e+01	-1.036990e+00	1.060043e-01	7.005633e-01
10	1.5247	2.953355e-01	7.054201e+01	-1.078192e+00	2.366487e-01	7.046143e-01
2	1.51961	2.915031e-01	7.063906e+01	-1.063543e+00	2.207868e-01	7.084467e-01
6	0.61333	2.950021e-01	7.033415e+01	-1.029717e+00	1.081001e-01	7.049473e-01
2	0.97687	2.997905e-01	6.985031e+01	-9.568922e-01	-1.188056e-01	7.001582e-01
2	0.816735	3.028691e-01	6.986729e+01	-9.546360e-01	-1.879630e-01	6.970796e-01
5	0.411266	3.043913e-01	6.969256e+01	-9.563455e-01	-1.571921e-01	6.955572e-01
8	0.53587	3.010585e-01	6.999169e+01	-9.889030e-01	-7.327851e-02	6.988904e-01
4	1.39749	2.953751e-01	7.008537e+01	-1.042481e+00	2.162457e-01	7.045740e-01
2	2.57136	2.922388e-01	7.032436e+01	-1.066723e+00	2.828020e-01	7.077106e-01
1	2.10804	2.936526e-01	7.018722e+01	-1.048148e+00	2.282549e-01	7.062966e-01
1	1.42701	2.960934e-01	7.008392e+01	-1.019029e+00	1.043449e-01	7.038556e-01
1	1.42604	2.981215e-01	7.011352e+01	-1.030981e+00	9.974223e-02	7.018276e-01
6	0.12415	3.007116e-01	6.988082e+01	-9.807667e-01	-4.702215e-02	6.992371e-01
9	0.154607	2.997609e-01	7.008154e+01	-1.005219e+00	6.494510e-03	7.001882e-01
1	0.375148	3.008615e-01	7.016104e+01	-1.022349e+00	1.592344e-02	6.990876e-01
1	0.5426	3.015180e-01	6.971156e+01	-9.616242e-01	-9.704557e-02	6.984305e-01
7	0.277571	3.026336e-01	6.977996e+01	-9.684397e-01	-1.126457e-01	6.973150e-01
9	0.51824	3.020269e-01	7.007419e+01	-1.010382e+00	-1.725004e-02	6.979221e-01
8	0.492122	3.026046e-01	7.006936e+01	-1.006903e+00	-5.131848e-02	6.973444e-01
1	0.54841	2.994409e-01	7.000180e+01	-1.006097e+00	4.606958e-02	7.005080e-01
8	0.33943	3.001573e-01	7.011159e+01	-1.027667e+00	6.841512e-02	6.997918e-01
4	1.37539	2.987871e-01	7.051614e+01	-1.059931e+00	9.523425e-02	7.011626e-01
2	1.48647	2.985734e-01	7.052265e+01	-1.061750e+00	9.754442e-02	7.013763e-01
1	0.231653	2.967644e-01	7.027144e+01	-1.033745e+00	1.086180e-01	7.031849e-01
3	1.85939	2.972198e-01	7.052781e+01	-1.030993e+00	8.215251e-03	7.027299e-01
1	0.92253	3.004287e-01	7.001636e+01	-9.721307e-01	-1.107233e-01	6.995203e-01
4	1.74313	2.985293e-01	6.975308e+01	-9.448735e-01	-1.018630e-01	7.014192e-01
3	0.730055	3.004719e-01	6.966203e+01	-9.600926e-01	-6.354653e-02	6.994765e-01
2	0.333904	3.009767e-01	6.994210e+01	-9.978953e-01	-2.055973e-02	6.989721e-01
6	0.388643	3.009739e-01	7.012090e+01	-1.016378e+00	-1.468944e-03	6.989752e-01
4	0.137449	2.989631e-01	7.005240e+01	-9.978564e-01	-6.495841e-03	7.009859e-01
7	0.19316	3.002952e-01	6.993088e+01	-9.910893e-01	-2.652238e-02	6.996536e-01
3	0.497323	2.992379e-01	6.983355e+01	-9.796145e-01	-5.468596e-03	7.007108e-01
2	0.978025	2.973960e-01	7.034015e+01	-1.012975e+00	4.346219e-03	7.025534e-01
2	1.20148	3.042705e-01	7.006827e+01	-9.928238e-01	-1.327144e-01	6.956786e-01
9	0.710905	3.000211e-01	6.996283e+01	-9.939546e-01	3.269228e-03	6.999277e-01
9	0.97108	3.001125e-01	7.023605e+01	-1.006909e+00	-3.686571e-02	6.998368e-01
3	0.51836	3.026402e-01	6.970992e+01	-9.548602e-01	-1.283955e-01	6.973083e-01
33	0.203933	2.979370e-01	7.004530e+01	-1.004440e+00	4.900541e-02	7.020120e-01
5	0.427729	3.046138e-01	6.972428e+01	-9.552302e-01	-1.812563e-01	6.953347e-01
4	1.07187	2.963636e-01	7.028537e+01	-1.063615e+00	2.209185e-01	7.035857e-01
3	0.812405	3.013152e-01	7.010291e+01	-1.027722e+00	3.679637e-02	6.986339e-01
5	1.19844	2.965949e-01	7.054090e+01	-1.075712e+00	1.877464e-01	7.033548e-01
7	1.27188	3.010000e-01	7.021711e+01	-9.942838e-01	-1.154070e-01	6.989493e-01
10	0.513	3.013324e-01	7.004648e+01	-1.021000e+00	3.201013e-02	6.986166e-01
6	1.14136	3.059327e-01	6.985689e+01	-9.813098e-01	-1.422713e-01	6.940160e-01
3	1.96534	3.019426e-01	6.966645e+01	-9.846549e-01	2.048124e-02	6.980059e-01
3	1.91508	3.029164e-01	6.975781e+01	-1.005080e+00	4.691077e-02	6.970322e-01
3	1.62324	3.028669e-01	6.951421e+01	-9.683474e-01	-4.270531e-02	6.970813e-01
6	1.52866	3.016923e-01	6.989469e+01	-1.026247e+00	8.899213e-02	6.982565e-01
5	1.65829	3.031757e-01	7.023858e+01	-1.035798e+00	-7.212496e-03	6.967736e-01
3	0.93714	3.039424e-01	6.998381e+01	-9.760054e-01	-1.764081e-01	6.960065e-01
3	1.14224	3.029529e-01	7.012770e+01	-9.890251e-01	-1.421753e-01	6.969962e-01
2	1.15916	3.002654e-01	7.013187e+01	-9.932242e-01	-8.633494e-02	6.996837e-01
3	0.57387	3.026126e-01	7.003015e+01	-1.006983e+00	-4.467724e-02	6.973364e-01
5	0.868725	3.036362e-01	6.980815e+01	-9.674552e-01	-1.549569e-01	6.963124e-01
7	0.386207	2.996469e-01	7.023363e+01	-1.024738e+00	3.557136e-02	7.003024e-01
5	0.127105	3.013514e-01	6.980187e+01	-9.772623e-01	-5.434372e-02	6.985972e-01
2	0.26451	3.028315e-01	6.991082e+01	-9.921277e-01	-6.535867e-02	6.971173e-01
3	0.10867	3.015319e-01	6.987923e+01	-9.833765e-01	-6.195021e-02	6.984168e-01
12	0.279753	2.968524e-01	7.007816e+01	-1.006929e+00	6.414864e-02	7.030966e-01
5	1.00704	2.958602e-01	7.031245e+01	-1.050957e+00	1.665899e-01	7.040892e-01
6	1.07268	2.925126e-01	7.040748e+01	-1.057628e+00	2.426834e-01	7.074369e-01
8	1.49184	2.913092e-01	7.039480e+01	-1.044784e+00	2.214681e-01	7.086403e-01
2	1.36624	2.937364e-01	7.034134e+01	-1.026182e+00	1.106097e-01	7.062130e-01
2	1.4749	2.960527e-01	7.004187e+01	-9.978784e-01	7.222690e-02	7.038963e-01
2	2.18036	2.966832e-01	6.999948e+01	-1.012367e+00	1.304603e-01	7.032657e-01
1	0.58428	2.945433e-01	7.026058e+01	-1.031116e+00	1.429589e-01	7.054060e-01
1	1.66059	2.995831e-01	7.030498e+01	-9.981417e-01	-9.728104e-02	7.003663e-01
1	2.06786	2.948051e-01	7.072823e+01	-1.082235e+00	2.101600e-01	7.051449e-01
1	1.56828	2.994828e-01	7.020874e+01	-1.026732e+00	7.003752e-02	7.004665e-01
13	0.618795	2.988820e-01	7.016653e+01	-9.996469e-01	-1.948963e-02	7.010671e-01
2	0.589935	2.972597e-01	7.017106e+01	-1.012215e+00	6.126074e-02	7.026895e-01
1	1.26761	3.018850e-01	7.007200e+01	-9.730518e-01	-1.705522e-01	6.980641e-01
2	1.48273	3.061012e-01	6.965756e+01	-9.535373e-01	-2.169480e-01	6.938472e-01
6	0.95339	3.050311e-01	6.984607e+01	-9.575260e-01	-2.264355e-01	6.949176e-01
7	2.62765	3.102554e-01	6.971220e+01	-9.648688e-01	-2.639624e-01	6.896931e-01
3	1.87716	3.071695e-01	6.973690e+01	-9.362816e-01	-3.283004e-01	6.927790e-01
5	2.60557	3.041984e-01	6.965903e+01	-9.156142e-01	-3.214044e-01	6.957501e-01
3	2.09031	3.052703e-01	6.934216e+01	-9.057502e-01	-2.783348e-01	6.946777e-01
6	2.29465	3.050790e-01	6.932494e+01	-9.338523e-01	-1.649969e-01	6.948689e-01
6	0.445738	3.008502e-01	6.974338e+01	-9.826983e-01	-1.002453e-02	6.990983e-01
1	0.50288	2.954728e-01	7.032578e+01	-1.043364e+00	1.493522e-01	7.044766e-01
1	0.304212	2.998658e-01	7.020154e+01	-1.026459e+00	4.480345e-02	7.000834e-01
4	1.22306	2.981325e-01	7.045015e+01	-1.029121e+00	1.042966e-02	7.018171e-01
1	1.1259	3.001266e-01	7.024512e+01	-1.035087e+00	7.049473e-02	6.998227e-01
1	1.45296	3.061166e-01	6.978202e+01	-9.781329e-01	-1.280723e-01	6.938320e-01
5	1.63436	3.025617e-01	6.980096e+01	-9.753405e-01	-6.174020e-02	6.973869e-01
1	1.53995	2.968220e-01	6.999451e+01	-1.031420e+00	1.857032e-01	7.031269e-01
3	3.33777	3.050493e-01	6.970680e+01	-1.001892e+00	-3.121780e-02	6.948992e-01
3	4.14998	2.981282e-01	7.009281e+01	-1.006590e+00	-2.320127e-03	7.018208e-01
5	2.82911	2.994553e-01	7.003870e+01	-9.958520e-01	-4.714044e-02	7.004937e-01
5	2.31804	2.975901e-01	7.051282e+01	-1.025793e+00	-2.027521e-02	7.023596e-01
2	2.57744	2.977278e-01	7.071139e+01	-1.060384e+00	5.853822e-02	7.022221e-01
1	2.1294	2.995795e-01	7.022746e+01	-9.783180e-01	-1.427521e-01	7.003698e-01
3	2.95194	3.052264e-01	6.965325e+01	-9.056445e-01	-3.511483e-01	6.947220e-01
7	3.15282	3.015703e-01	6.992448e+01	-9.302761e-01	-2.794152e-01	6.983785e-01
2	2.84607	3.063648e-01	6.979953e+01	-9.338164e-01	-3.497000e-01	6.935839e-01
1	2.2294	3.071222e-01	6.979067e+01	-9.421578e-01	-3.265425e-01	6.928264e-01
4	1.70709	3.088476e-01	6.964601e+01	-9.436919e-01	-3.030333e-01	6.911008e-01
1	1.52092	3.045873e-01	6.993441e+01	-9.822298e-01	-1.249384e-01	6.953615e-01
2	0.419145	2.990617e-01	6.995899e+01	-9.790252e-01	-5.144156e-02	7.008872e-01
1	1.31521	3.073131e-01	6.955323e+01	-9.287333e-01	-2.978763e-01	6.926352e-01
1	1.88777	3.070823e-01	6.955219e+01	-9.122350e-01	-3.578572e-01	6.928660e-01
1	1.86858	3.102348e-01	6.949164e+01	-9.222581e-01	-3.601398e-01	6.897134e-01
1	2.35792	3.013227e-01	7.034018e+01	-1.017899e+00	-8.452568e-02	6.986267e-01
2	1.23439	3.047869e-01	7.002349e+01	-9.988973e-01	-1.211943e-01	6.951620e-01
7	1.1775	3.057773e-01	6.941330e+01	-9.456801e-01	-1.447212e-01	6.941708e-01
5	2.14892	3.023033e-01	6.944506e+01	-9.232743e-01	-1.840174e-01	6.976448e-01
5	0.994365	3.012406e-01	6.959095e+01	-9.630274e-01	-3.665042e-02	6.987078e-01
1	0.961315	3.006475e-01	6.961407e+01	-9.627807e-01	-4.514390e-02	6.993009e-01
6	0.431824	2.978968e-01	7.029098e+01	-1.020995e+00	3.904512e-02	7.020526e-01
3	1.07518	3.052133e-01	6.988450e+01	-9.597007e-01	-2.278106e-01	6.947354e-01
4	2.12547	3.075593e-01	6.970401e+01	-9.325046e-01	-3.131067e-01	6.923892e-01
1	0.919105	3.028081e-01	7.009143e+01	-9.913551e-01	-1.277880e-01	6.971410e-01
10	2.00432	3.100828e-01	6.921529e+01	-9.097680e-01	-3.132449e-01	6.898650e-01
3	0.831935	3.044188e-01	6.977611e+01	-9.689763e-01	-1.264055e-01	6.955298e-01
4	0.442517	2.993666e-01	6.982715e+01	-9.858072e-01	3.364340e-03	7.005821e-01
11	0.633295	3.011304e-01	7.005230e+01	-9.797425e-01	-1.167245e-01	6.988186e-01
2	0.679745	2.981262e-01	7.031508e+01	-1.016996e+00	4.739154e-03	7.018231e-01
4	1.68765	3.063415e-01	6.957772e+01	-9.280848e-01	-2.936761e-01	6.936069e-01
2	2.08937	3.107179e-01	6.927873e+01	-9.203581e-01	-3.020486e-01	6.892300e-01
6	0.908935	2.975103e-01	6.993918e+01	-1.018312e+00	1.274843e-01	7.024385e-01
2	0.70069	2.975538e-01	7.008235e+01	-1.034671e+00	1.556719e-01	7.023953e-01
2	1.37325	2.983101e-01	7.002605e+01	-1.030616e+00	1.234372e-01	7.016389e-01
3	1.2011	3.010790e-01	6.974548e+01	-1.000187e+00	6.054610e-02	6.988696e-01
2	0.877905	2.945296e-01	7.023863e+01	-1.018616e+00	1.137735e-01	7.054197e-01
4	1.22284	2.927228e-01	7.053808e+01	-1.051491e+00	1.842659e-01	7.072269e-01
2	0.524145	2.986953e-01	6.987002e+01	-9.877651e-01	2.519783e-02	7.012534e-01
6	0.338126	3.028207e-01	6.987271e+01	-9.959191e-01	-3.069144e-02	6.971280e-01
1	0.97521	3.042584e-01	6.983405e+01	-1.000575e+00	-4.151547e-02	6.956902e-01
5	1.56122	2.996166e-01	6.985276e+01	-1.022595e+00	1.354912e-01	7.003321e-01
1	1.13536	2.968715e-01	6.996704e+01	-1.025996e+00	1.637346e-01	7.030774e-01
1	1.2713	3.001390e-01	6.972510e+01	-9.817067e-01	-6.078990e-03	6.998095e-01
2	1.47778	2.950988e-01	6.992194e+01	-1.005663e+00	1.301011e-01	7.048500e-01
1	0.76479	3.035296e-01	6.959722e+01	-9.348772e-01	-1.988115e-01	6.964188e-01
1	1.22013	2.998045e-01	7.015464e+01	-9.822818e-01	-1.048137e-01	7.001447e-01
8	1.47346	3.043537e-01	6.998655e+01	-9.653547e-01	-2.290479e-01	6.955952e-01
1	1.40125	3.078188e-01	6.970525e+01	-9.661414e-01	-2.092538e-01	6.921297e-01
5	1.46076	3.013162e-01	6.981101e+01	-1.000683e+00	1.409173e-02	6.986325e-01
2	0.378403	3.041209e-01	6.968820e+01	-9.541873e-01	-1.657459e-01	6.958275e-01
6	1.58808	3.053831e-01	6.948650e+01	-9.068422e-01	-3.098322e-01	6.945651e-01
2	0.97822	3.054752e-01	6.948636e+01	-9.429897e-01	-1.619969e-01	6.944730e-01
9	0.86338	3.064305e-01	6.970979e+01	-9.490434e-01	-2.372981e-01	6.935180e-01
4	1.72978	3.054174e-01	6.933866e+01	-9.199628e-01	-2.245369e-01	6.945305e-01
2	0.850955	3.034931e-01	6.949356e+01	-9.478037e-01	-1.152337e-01	6.964550e-01
14	0.92934	2.991299e-01	6.987769e+01	-9.611205e-01	-9.510926e-02	7.008188e-01
8	0.283446	3.019606e-01	6.975755e+01	-9.607101e-01	-1.146376e-01	6.979880e-01
1	1.28898	3.058872e-01	6.954718e+01	-9.240552e-01	-2.603178e-01	6.940610e-01
3	0.319027	3.040125e-01	6.976940e+01	-9.752026e-01	-1.027506e-01	6.959361e-01
7	0.153515	2.981214e-01	7.016111e+01	-1.023262e+00	7.225096e-02	7.018277e-01
2	0.468505	2.990276e-01	6.991589e+01	-9.986870e-01	2.896534e-02	7.009212e-01
6	0.371076	2.963218e-01	7.023676e+01	-1.017191e+00	6.924567e-02	7.036274e-01
6	0.865955	3.022041e-01	7.010909e+01	-1.005454e+00	-7.057128e-02	6.977450e-01
1	2.34607	3.045793e-01	6.988245e+01	-9.702132e-01	-2.004586e-01	6.953694e-01
1	2.21211	3.013160e-01	7.006463e+01	-1.003765e+00	-6.007383e-02	6.986330e-01
2	2.11224	2.995608e-01	6.981335e+01	-9.526235e-01	-1.325734e-01	7.003879e-01
4	2.25606	3.064539e-01	6.962735e+01	-9.179775e-01	-3.517861e-01	6.934944e-01
1	3.69849	3.046884e-01	6.961417e+01	-9.394917e-01	-2.433546e-01	6.952600e-01
2	2.61077	3.071742e-01	6.959819e+01	-9.458863e-01	-2.593176e-01	6.927741e-01
1	0.428086	3.031782e-01	6.989641e+01	-9.749457e-01	-1.219127e-01	6.967705e-01
2	0.688595	2.996735e-01	6.976709e+01	-9.785535e-01	-1.477358e-02	7.002751e-01
3	1.01316	2.962052e-01	6.995580e+01	-9.963439e-01	7.995117e-02	7.037437e-01
1	0.823345	2.988260e-01	7.010401e+01	-1.003816e+00	2.291884e-02	7.011231e-01
6	0.265954	2.996243e-01	6.985799e+01	-9.775025e-01	-3.258280e-02	7.003245e-01
1	1.68785	3.076805e-01	6.965905e+01	-9.362744e-01	-2.875023e-01	6.922679e-01
2	1.70322	3.098063e-01	6.932474e+01	-9.090988e-01	-3.379873e-01	6.901416e-01
2	1.53866	3.063239e-01	6.959494e+01	-9.799322e-01	-8.330524e-02	6.936244e-01
1	1.44642	3.039813e-01	6.940015e+01	-9.379369e-01	-1.252362e-01	6.959667e-01
1	1.67457	3.038459e-01	6.963685e+01	-9.867936e-01	-5.897590e-03	6.961025e-01
2	1.11343	2.989968e-01	6.999796e+01	-1.018894e+00	7.417418e-02	7.009521e-01
3	1.29661	3.002685e-01	6.989894e+01	-1.025904e+00	1.201162e-01	6.996803e-01
1	1.32651	2.980440e-01	7.026266e+01	-1.055426e+00	1.543692e-01	7.019053e-01
2	1.70687	3.005327e-01	7.017874e+01	-1.050425e+00	1.112764e-01	6.994164e-01
8	1.15055	3.064990e-01	6.973028e+01	-9.814087e-01	-1.259624e-01	6.934495e-01
1	2.58108	3.081145e-01	6.978353e+01	-9.981589e-01	-1.057350e-01	6.918341e-01
1	1.79836	3.062419e-01	6.939566e+01	-9.426227e-01	-1.455928e-01	6.937062e-01
7	1.32716	3.063252e-01	6.979390e+01	-9.911304e-01	-9.819706e-02	6.936234e-01
6	2.23927	2.955370e-01	7.024185e+01	-1.067497e+00	2.751767e-01	7.044122e-01
2	0.209127	3.026775e-01	6.976764e+01	-9.786798e-01	-6.686623e-02	6.972711e-01
1	0.464111	2.971165e-01	7.020711e+01	-1.031379e+00	1.037093e-01	7.028327e-01
5	0.595925	2.960187e-01	7.024292e+01	-1.013755e+00	5.501305e-02	7.039306e-01
6	1.10112	2.953212e-01	7.026467e+01	-1.034253e+00	1.562869e-01	7.046281e-01
2	1.93346	2.969387e-01	7.058907e+01	-1.045211e+00	6.765168e-02	7.030110e-01
6	2.08861	2.929071e-01	7.082340e+01	-1.090317e+00	2.458479e-01	7.070430e-01
6	0.902415	2.957434e-01	7.037613e+01	-1.024043e+00	7.135520e-02	7.042060e-01
4	1.2674	2.983080e-01	7.012925e+01	-1.048053e+00	1.810784e-01	7.016411e-01
1	1.29754	2.952400e-01	7.060731e+01	-1.084755e+00	2.331425e-01	7.047098e-01
8	1.65308	3.011478e-01	7.025098e+01	-1.040079e+00	6.778343e-02	6.988014e-01
2	1.84155	2.971714e-01	6.978283e+01	-1.007076e+00	1.383254e-01	7.027772e-01
3	2.70667	3.041232e-01	6.944026e+01	-9.383898e-01	-1.719193e-01	6.958249e-01
18	0.625615	2.973165e-01	6.991092e+01	-9.946167e-01	5.245991e-02	7.026323e-01
2	0.767515	3.008270e-01	6.974397e+01	-9.783452e-01	-1.070789e-02	6.991216e-01
7	0.712245	3.038821e-01	6.951425e+01	-9.399480e-01	-1.591621e-01	6.960661e-01
7	0.987015	3.014223e-01	7.004759e+01	-1.027051e+00	6.870136e-02	6.985267e-01
10	0.5342	3.041071e-01	6.966310e+01	-9.685860e-01	-1.066268e-01	6.958413e-01
6	0.54159	3.019613e-01	6.977683e+01	-9.592753e-01	-1.173052e-01	6.979873e-01
3	0.567955	3.034635e-01	6.991421e+01	-9.917098e-01	-8.619221e-02	6.964853e-01
1	1.09461	3.065958e-01	6.951075e+01	-9.423968e-01	-2.152853e-01	6.933524e-01
1	1.38457	3.077865e-01	6.972523e+01	-9.477294e-01	-2.833264e-01	6.921621e-01
16	0.869395	2.999993e-01	7.002413e+01	-9.865450e-01	-7.273622e-02	6.999496e-01
3	2.37586	2.950225e-01	7.010382e+01	-1.053055e+00	2.461295e-01	7.049266e-01
2	2.03875	3.007482e-01	6.979410e+01	-1.020604e+00	1.131288e-01	6.992004e-01
1	1.49002	3.009543e-01	6.990388e+01	-1.026382e+00	1.137411e-01	6.989945e-01
5	0.303841	2.991450e-01	7.008701e+01	-1.023709e+00	7.327931e-02	7.008041e-01
8	0.142213	2.974135e-01	7.012706e+01	-1.012811e+00	6.356103e-02	7.025356e-01
7	0.769615	3.038412e-01	6.992570e+01	-1.003136e+00	-3.791290e-02	6.961076e-01
6	1.04876	3.057035e-01	6.989599e+01	-9.869113e-01	-1.322840e-01	6.942453e-01
2	0.458601	3.028193e-01	6.999926e+01	-9.918365e-01	-8.238775e-02	6.971296e-01
4	0.083658	3.016536e-01	6.994708e+01	-9.900722e-01	-5.765576e-02	6.982953e-01
11	0.611935	2.972485e-01	7.026548e+01	-1.037859e+00	1.287540e-01	7.027008e-01
3	0.447038	2.978858e-01	7.034843e+01	-1.045711e+00	1.099323e-01	7.020636e-01
1	0.783565	3.032022e-01	7.002564e+01	-1.014324e+00	-2.461542e-02	6.967467e-01
6	1.1974	3.051450e-01	6.965473e+01	-9.818574e-01	-6.055245e-02	6.948034e-01
7	1.20458	2.970316e-01	7.032965e+01	-1.049888e+00	1.636032e-01	7.029178e-01
4	0.9559	3.055234e-01	6.969670e+01	-9.770145e-01	-1.167828e-01	6.944251e-01
3	1.14219	2.993947e-01	6.978976e+01	-9.646671e-01	-7.162840e-02	7.005539e-01
1	1.11853	2.934894e-01	7.047249e+01	-1.041598e+00	1.528107e-01	7.064602e-01
2	1.51591	3.000932e-01	6.991582e+01	-9.617716e-01	-1.044538e-01	6.998556e-01
2	0.490684	3.018347e-01	6.972330e+01	-9.521392e-01	-1.353840e-01	6.981138e-01
6	1.69168	2.996035e-01	6.971364e+01	-9.394618e-01	-1.277313e-01	7.003450e-01
6	2.25182	3.002989e-01	6.970235e+01	-9.335342e-01	-1.528332e-01	6.996496e-01
4	1.50219	2.960242e-01	7.013563e+01	-9.843334e-01	-1.526664e-02	7.039250e-01
9	1.89921	2.957477e-01	7.023778e+01	-9.909722e-01	-2.513522e-02	7.042015e-01
3	2.55985	2.956704e-01	7.028397e+01	-9.858394e-01	-4.691870e-02	7.042789e-01
1	0.604095	2.999049e-01	6.979181e+01	-9.714524e-01	-3.488723e-02	7.000437e-01
21	0.1017	2.997840e-01	6.998140e+01	-1.006769e+00	3.164954e-02	7.001649e-01
2	0.346693	3.028356e-01	6.966979e+01	-9.620628e-01	-1.044526e-01	6.971128e-01
5	0.76636	3.033296e-01	6.967760e+01	-9.393583e-01	-1.953100e-01	6.966189e-01
1	0.490905	3.017523e-01	6.966931e+01	-9.586107e-01	-9.705022e-02	6.981962e-01
2	2.17365	3.068034e-01	6.948917e+01	-9.189539e-01	-3.140649e-01	6.931447e-01
8	0.457108	3.051971e-01	6.968050e+01	-9.566895e-01	-1.729704e-01	6.947514e-01
8	0.832265	2.993170e-01	7.029774e+01	-1.052469e+00	1.229930e-01	7.006323e-01
1	2.25596	2.984907e-01	7.061978e+01	-1.055759e+00	4.490682e-02	7.014591e-01
6	2.31381	3.063190e-01	7.007589e+01	-9.906872e-01	-1.895884e-01	6.936301e-01
4	2.31395	3.023566e-01	6.998955e+01	-9.765499e-01	-1.615983e-01	6.975924e-01
3	0.278658	3.000651e-01	6.992203e+01	-9.826966e-01	-5.054754e-02	6.998837e-01
10	0.326972	2.969710e-01	7.032625e+01	-1.043408e+00	1.254884e-01	7.029784e-01
2	2.66419	2.926052e-01	7.069560e+01	-1.113559e+00	3.697306e-01	7.073447e-01
7	1.57885	2.950324e-01	7.069621e+01	-1.075956e+00	1.738130e-01	7.049176e-01
2	0.532945	2.980690e-01	7.026428e+01	-1.032526e+00	7.208078e-02	7.018803e-01
16	0.87201	3.011692e-01	6.977341e+01	-9.861240e-01	-2.241243e-02	6.987794e-01
4	0.840285	3.044119e-01	6.961914e+01	-9.610190e-01	-1.334517e-01	6.955365e-01
2	0.527965	3.053287e-01	6.968515e+01	-9.544843e-01	-1.902844e-01	6.946198e-01
3	0.573875	3.017957e-01	7.005055e+01	-9.828003e-01	-1.172179e-01	6.981533e-01
3	0.341276	3.023429e-01	6.993480e+01	-9.765252e-01	-1.217016e-01	6.976060e-01
18	0.606605	2.984948e-01	7.002539e+01	-9.802718e-01	-5.124143e-02	7.014541e-01
4	0.829535	2.976308e-01	7.034248e+01	-1.032315e+00	5.562352e-02	7.023186e-01
7	1.41118	2.924152e-01	7.046763e+01	-1.036685e+00	1.490369e-01	7.075344e-01
4	0.99908	3.005013e-01	6.999317e+01	-9.666571e-01	-1.279622e-01	6.994476e-01
4	0.78249	3.040570e-01	6.976374e+01	-9.557936e-01	-1.910807e-01	6.958916e-01
6	0.90532	3.053655e-01	6.979864e+01	-9.852561e-01	-1.131418e-01	6.945831e-01
2	0.648265	3.055777e-01	6.974745e+01	-9.638609e-01	-1.815230e-01	6.943709e-01
3	0.94486	3.056099e-01	6.960135e+01	-9.486700e-01	-2.006765e-01	6.943384e-01
1	0.609735	3.035760e-01	6.984697e+01	-9.824372e-01	-8.163327e-02	6.963727e-01
1	2.08292	3.020315e-01	6.971796e+01	-9.926171e-01	3.470494e-02	6.979171e-01
3	2.75221	3.006755e-01	6.950953e+01	-9.530007e-01	-2.691140e-02	6.992727e-01
2	0.908385	2.985739e-01	6.988678e+01	-9.976257e-01	6.392687e-02	7.013748e-01
12	1.04421	3.026005e-01	6.971881e+01	-9.972852e-01	2.058939e-02	6.973480e-01
2	1.58731	3.061641e-01	6.929029e+01	-9.157481e-01	-2.210900e-01	6.937838e-01
3	1.03868	3.059904e-01	6.951998e+01	-9.253640e-01	-2.525219e-01	6.939579e-01
1	2.0789	3.049063e-01	6.973443e+01	-9.248630e-01	-2.964425e-01	6.950423e-01
1	1.50148	2.987258e-01	7.004193e+01	-9.664468e-01	-1.080672e-01	7.012232e-01
1	1.78672	2.978521e-01	7.047574e+01	-1.022340e+00	-8.456641e-03	7.020975e-01
2	0.95808	2.962884e-01	7.023429e+01	-1.003850e+00	1.374803e-02	7.036609e-01
3	0.215192	2.974276e-01	7.004714e+01	-1.006247e+00	6.228969e-02	7.025214e-01
6	0.293718	3.003561e-01	7.004728e+01	-1.019121e+00	4.527733e-02	6.995929e-01
12	0.348313	3.012403e-01	6.983419e+01	-9.948026e-01	9.990597e-03	6.987084e-01
4	0.57671	3.010400e-01	7.004315e+01	-9.873100e-01	-7.211266e-02	6.989090e-01
2	1.33484	3.005640e-01	6.995158e+01	-9.973555e-01	1.417209e-02	6.993849e-01
2	1.98782	2.956919e-01	7.034810e+01	-1.047219e+00	1.807220e-01	7.042575e-01
4	0.970465	2.989818e-01	7.036603e+01	-1.057815e+00	1.312456e-01	7.009677e-01
1	1.26612	3.026931e-01	7.024156e+01	-1.024230e+00	-3.726683e-02	6.972562e-01
5	0.71458	2.938435e-01	7.032111e+01	-1.037712e+00	1.634252e-01	7.061059e-01
5	0.978985	2.963291e-01	7.028114e+01	-1.031774e+00	9.396422e-02	7.036202e-01
9	1.39887	3.033584e-01	6.991873e+01	-9.609150e-01	-1.789756e-01	6.965904e-01
7	0.681825	3.011287e-01	7.004111e+01	-9.827605e-01	-9.126118e-02	6.988203e-01
2	0.372402	3.032160e-01	6.967940e+01	-9.585554e-01	-1.301441e-01	6.967325e-01
1	0.82385	2.991206e-01	6.973016e+01	-9.678968e-01	-2.898777e-02	7.008280e-01
5	1.56134	3.006049e-01	6.956502e+01	-9.320600e-01	-1.358558e-01	6.993434e-01
2	1.37104	3.068579e-01	6.966201e+01	-9.616402e-01	-1.991740e-01	6.930905e-01
3	1.03448	3.076290e-01	6.963832e+01	-9.501137e-01	-2.378605e-01	6.923194e-01
1	0.73609	3.034663e-01	6.967785e+01	-9.720592e-01	-8.969784e-02	6.964822e-01
1	0.831645	2.991061e-01	6.993082e+01	-9.857041e-01	-7.989371e-04	7.008427e-01
2	1.75311	2.990333e-01	6.989723e+01	-9.801704e-01	-3.172405e-03	7.009155e-01
1	2.16474	3.036110e-01	6.977197e+01	-9.481463e-01	-1.773761e-01	6.963376e-01
1	1.37018	3.012759e-01	7.007097e+01	-9.801393e-01	-1.074407e-01	6.986732e-01
1	2.36389	3.024479e-01	7.012331e+01	-9.665229e-01	-2.091757e-01	6.975012e-01
5	2.08543	3.049958e-01	6.956361e+01	-9.075744e-01	-3.121254e-01	6.949525e-01
5	0.154906	3.017012e-01	6.992721e+01	-9.800623e-01	-9.000367e-02	6.982476e-01
2	1.39753	3.006383e-01	6.993579e+01	-1.007486e+00	1.376606e-02	6.993105e-01
14	1.4026	3.052660e-01	6.946519e+01	-9.533336e-01	-1.323510e-01	6.946821e-01
5	1.26472	3.081191e-01	6.946411e+01	-9.442047e-01	-2.171897e-01	6.918290e-01
11	1.35248	3.070081e-01	6.965246e+01	-9.551977e-01	-2.242862e-01	6.929403e-01
4	2.63869	3.101069e-01	6.974721e+01	-9.549037e-01	-3.097334e-01	6.898416e-01
2	1.66921	3.039431e-01	7.014921e+01	-9.921496e-01	-1.545284e-01	6.960060e-01
2	1.15882	2.976567e-01	7.047412e+01	-1.038829e+00	4.531728e-02	7.022929e-01
1	1.12343	3.037804e-01	7.002325e+01	-9.949807e-01	-1.191491e-01	6.961686e-01
20	0.496932	3.011999e-01	6.996227e+01	-1.007070e+00	2.390353e-02	6.987490e-01
6	0.635925	2.981482e-01	7.021121e+01	-1.044468e+00	1.465596e-01	7.018010e-01
5	0.716415	3.025599e-01	7.005943e+01	-1.007210e+00	-3.347725e-02	6.973891e-01
3	1.27075	2.981264e-01	7.031676e+01	-1.056332e+00	1.669951e-01	7.018230e-01
8	0.116343	3.020169e-01	6.984868e+01	-9.858038e-01	-4.594353e-02	6.979318e-01
8	1.40522	3.061286e-01	6.939092e+01	-9.064369e-01	-2.931244e-01	6.938194e-01
4	0.73442	3.025557e-01	6.960765e+01	-9.505510e-01	-1.286028e-01	6.973926e-01
4	0.493256	2.949039e-01	7.024353e+01	-1.027020e+00	1.286225e-01	7.050454e-01
5	0.393921	3.000091e-01	6.984703e+01	-9.986496e-01	3.542511e-02	6.999396e-01
14	0.619415	3.002315e-01	7.005717e+01	-9.933948e-01	-3.371683e-02	6.997176e-01
4	0.627245	2.999565e-01	7.005538e+01	-9.907696e-01	-3.807452e-02	6.999925e-01
11	0.709055	3.040714e-01	6.985915e+01	-9.990564e-01	-4.135700e-02	6.958773e-01
2	0.504155	2.978295e-01	7.023561e+01	-1.046690e+00	1.455692e-01	7.021198e-01
1	2.24266	3.048447e-01	6.955318e+01	-9.884803e-01	-1.368392e-02	6.951036e-01
1	2.97368	3.003054e-01	7.023385e+01	-1.051552e+00	9.083016e-02	6.996438e-01
2	2.57668	3.010071e-01	7.021460e+01	-1.068462e+00	1.653338e-01	6.989421e-01
3	2.19024	2.961061e-01	7.016689e+01	-1.066073e+00	2.634069e-01	7.038430e-01
3	0.94104	2.996658e-01	7.004491e+01	-1.032182e+00	1.030462e-01	7.002832e-01
5	0.340507	3.020562e-01	6.989624e+01	-1.003492e+00	8.533065e-04	6.978926e-01
6	0.80035	3.040376e-01	6.996982e+01	-1.004340e+00	-6.315126e-02	6.959113e-01
1	0.435402	3.010761e-01	7.002256e+01	-1.004563e+00	-2.411243e-04	6.988728e-01
1	1.37295	3.045271e-01	6.999961e+01	-9.803856e-01	-1.581586e-01	6.954218e-01
7	0.496914	3.048833e-01	6.976205e+01	-9.773721e-01	-1.135358e-01	6.950653e-01
1	0.39163	2.960677e-01	7.025611e+01	-1.021165e+00	7.954898e-02	7.038816e-01
2	0.73234	2.986925e-01	7.019764e+01	-1.004585e+00	-4.049659e-03	7.012567e-01
3	0.583515	3.049093e-01	6.979182e+01	-9.605633e-01	-1.843846e-01	6.950393e-01
1	0.51271	3.034096e-01	6.995976e+01	-1.002308e+00	-5.199709e-02	6.965393e-01
8	0.481193	3.029182e-01	6.996510e+01	-9.911696e-01	-9.183963e-02	6.970307e-01
6	1.67642	2.941961e-01	7.007823e+01	-1.036018e+00	2.229837e-01	7.057530e-01
4	1.34998	2.967111e-01	7.012175e+01	-1.049697e+00	2.148877e-01	7.032380e-01
7	1.44608	2.967967e-01	7.000304e+01	-1.036759e+00	1.919262e-01	7.031523e-01
3	1.54329	2.916148e-01	7.063280e+01	-1.068038e+00	2.273040e-01	7.083351e-01
5	1.59934	2.907567e-01	7.060478e+01	-1.073675e+00	2.822149e-01	7.091931e-01
1	1.34224	3.006522e-01	7.036967e+01	-1.041653e+00	2.300071e-02	6.992972e-01
9	1.71065	2.995976e-01	7.043858e+01	-1.046935e+00	3.827735e-02	7.003519e-01
3	1.96093	3.015125e-01	7.043183e+01	-1.049014e+00	1.841797e-02	6.984371e-01
3	1.45042	2.949473e-01	7.037649e+01	-1.077136e+00	2.742759e-01	7.050022e-01
3	2.5474	3.022795e-01	7.000422e+01	-9.796269e-01	-1.547051e-01	6.976695e-01
5	1.47393	3.017251e-01	7.015413e+01	-9.842261e-01	-1.534661e-01	6.982240e-01
3	1.15033	3.003149e-01	7.029290e+01	-1.007646e+00	-7.082456e-02	6.996344e-01
1	0.66063	3.044603e-01	6.994669e+01	-9.858341e-01	-1.314267e-01	6.954885e-01
8	1.62085	3.058291e-01	6.970442e+01	-9.250242e-01	-3.206493e-01	6.941194e-01
7	1.78037	3.008402e-01	7.000302e+01	-9.602471e-01	-1.816111e-01	6.991087e-01
3	1.39092	3.048232e-01	6.996255e+01	-9.796751e-01	-1.536443e-01	6.951257e-01
4	1.63784	2.983806e-01	7.041576e+01	-1.028528e+00	3.161622e-02	7.015689e-01
4	1.8537	2.980138e-01	7.047888e+01	-1.030180e+00	2.417742e-02	7.019359e-01
4	0.425749	3.009532e-01	6.992135e+01	-1.010710e+00	4.002917e-02	6.989956e-01
10	0.142105	3.007100e-01	7.007045e+01	-1.011286e+00	3.965751e-03	6.992390e-01
2	0.463255	2.962669e-01	7.017702e+01	-1.008146e+00	5.356098e-02	7.036823e-01
5	0.486604	3.042836e-01	6.976130e+01	-9.613121e-01	-1.692998e-01	6.956649e-01
2	0.57488	3.006970e-01	6.969810e+01	-9.733311e-01	-2.993144e-02	6.992514e-01
3	2.79635	2.996034e-01	6.974601e+01	-9.937817e-01	8.012280e-02	7.003451e-01
10	0.309225	2.990595e-01	7.006596e+01	-9.909836e-01	-3.094974e-02	7.008896e-01
5	0.954765	3.058316e-01	6.952872e+01	-9.237216e-01	-2.644159e-01	6.941166e-01
2	1.63524	3.054465e-01	6.932933e+01	-9.033647e-01	-2.749297e-01	6.945014e-01
21	0.133882	3.009004e-01	6.993157e+01	-9.842479e-01	-6.185899e-02	6.990484e-01
25	0.260896	2.993070e-01	7.013047e+01	-1.027480e+00	8.177820e-02	7.006421e-01
3	0.818665	2.972507e-01	7.027534e+01	-1.052376e+00	1.764722e-01	7.026986e-01
3	0.681855	2.972499e-01	7.012022e+01	-1.015353e+00	8.905045e-02	7.026992e-01
5	1.17578	2.966583e-01	7.044330e+01	-1.025041e+00	3.188795e-02	7.032913e-01
1	1.18555	2.961526e-01	7.045304e+01	-1.026565e+00	4.593703e-02	7.037970e-01
1	1.23168	3.016159e-01	6.984137e+01	-9.608178e-01	-1.156785e-01	6.983328e-01
3	0.806305	2.998615e-01	7.006416e+01	-9.774434e-01	-9.869360e-02	7.000875e-01
6	1.56039	2.941009e-01	7.062168e+01	-1.072035e+00	2.167079e-01	7.058490e-01
5	0.59289	2.966848e-01	7.030797e+01	-1.021050e+00	6.113633e-02	7.032645e-01
1	1.20618	2.996275e-01	7.010079e+01	-9.813233e-01	-1.046757e-01	7.003216e-01
3	1.37474	2.980791e-01	7.013439e+01	-9.788668e-01	-8.312519e-02	7.018700e-01
14	0.682375	3.060132e-01	6.974000e+01	-9.617583e-01	-1.898019e-01	6.939353e-01
4	0.17717	2.991839e-01	7.001597e+01	-9.996213e-01	1.721794e-02	7.007650e-01
4	0.375125	2.967422e-01	7.013468e+01	-1.014181e+00	8.445267e-02	7.032069e-01
2	0.69497	2.987545e-01	7.014581e+01	-1.020110e+00	7.140005e-02	7.011947e-01
2	0.686725	2.981531e-01	7.009131e+01	-1.037876e+00	1.487983e-01	7.017960e-01
6	0.698115	3.014495e-01	6.987337e+01	-1.011140e+00	5.257311e-02	6.984993e-01
3	0.557815	2.973178e-01	7.021587e+01	-1.035256e+00	1.311103e-01	7.026314e-01
6	2.30798	2.930336e-01	7.031745e+01	-1.065441e+00	2.943556e-01	7.069158e-01
4	2.48538	2.899693e-01	7.069830e+01	-1.092055e+00	3.442134e-01	7.099806e-01
1	2.08197	2.945162e-01	7.006544e+01	-1.044549e+00	2.393626e-01	7.054328e-01
6	2.10702	2.942192e-01	6.992339e+01	-9.983675e-01	1.314279e-01	7.057296e-01
1	1.61601	2.920035e-01	7.024082e+01	-1.034178e+00	2.129264e-01	7.079458e-01
8	2.02967	2.945182e-01	6.999367e+01	-1.032894e+00	2.212720e-01	7.054307e-01
2	1.71571	3.017738e-01	6.949200e+01	-9.423256e-01	-1.149223e-01	6.981743e-01
1	0.601845	3.024342e-01	6.966389e+01	-9.710778e-01	-6.509725e-02	6.975143e-01
16	0.706395	2.993513e-01	7.010625e+01	-1.009297e+00	1.278361e-03	7.005978e-01
5	0.91235	3.017085e-01	6.972562e+01	-9.949581e-01	2.328747e-02	6.982400e-01
5	0.972365	3.012128e-01	6.999711e+01	-1.011059e+00	1.156122e-03	6.987361e-01
1	0.588515	3.016194e-01	6.986552e+01	-9.931411e-01	-3.107200e-02	6.983293e-01
1	1.91669	3.095922e-01	6.945021e+01	-9.076861e-01	-3.931205e-01	6.903559e-01
22	0.58212	2.949501e-01	7.021511e+01	-1.020594e+00	1.158026e-01	7.049992e-01
3	0.50307	2.972947e-01	7.033588e+01	-1.052335e+00	1.510291e-01	7.026547e-01
2	0.425621	3.016271e-01	6.985648e+01	-9.946552e-01	-1.198107e-03	6.983216e-01
12	1.1219	3.042095e-01	6.948000e+01	-9.207522e-01	-2.302318e-01	6.957387e-01
12	0.854545	2.957311e-01	7.001497e+01	-9.992206e-01	7.988099e-02	7.042178e-01
7	1.13541	2.919242e-01	7.047292e+01	-1.059746e+00	2.414886e-01	7.080254e-01
5	0.57005	2.981010e-01	7.021066e+01	-1.046357e+00	1.462164e-01	7.018483e-01
5	0.847415	2.961794e-01	7.040244e+01	-1.066963e+00	2.038406e-01	7.037701e-01
2	0.98617	3.023979e-01	7.014421e+01	-1.026567e+00	-2.790983e-04	6.975513e-01
5	0.499042	3.035952e-01	6.989138e+01	-9.685793e-01	-1.631082e-01	6.963535e-01
1	1.15673	3.019737e-01	7.005814e+01	-9.815816e-01	-1.149692e-01	6.979753e-01
2	1.50266	3.040236e-01	7.002801e+01	-9.746065e-01	-1.799305e-01	6.959253e-01
2	1.81944	3.042958e-01	6.983634e+01	-9.366024e-01	-2.896844e-01	6.956529e-01
2	2.02912	3.014284e-01	7.017519e+01	-9.754305e-01	-1.846430e-01	6.985207e-01
2	3.38618	3.031734e-01	7.031397e+01	-9.861983e-01	-2.205492e-01	6.967760e-01
1	4.22979	3.075487e-01	7.004397e+01	-9.496703e-01	-3.730905e-01	6.924003e-01
11	3.36418	3.059179e-01	7.001060e+01	-9.707646e-01	-2.715411e-01	6.940310e-01
1	3.35188	3.100321e-01	6.921486e+01	-8.833800e-01	-4.348917e-01	6.899156e-01
6	2.78669	3.083945e-01	6.937151e+01	-8.786713e-01	-4.420050e-01	6.915535e-01
7	2.69563	3.122226e-01	6.933971e+01	-8.943119e-01	-4.594444e-01	6.877254e-01
2	2.67754	3.098558e-01	6.968922e+01	-9.356342e-01	-3.783406e-01	6.900927e-01
1	3.56056	3.099027e-01	6.986499e+01	-9.456771e-01	-3.926561e-01	6.900460e-01
3	4.81241	3.073105e-01	7.023640e+01	-9.839771e-01	-3.131435e-01	6.926387e-01
12	4.06695	3.037145e-01	7.025884e+01	-9.702058e-01	-2.874825e-01	6.962348e-01
1	2.26035	2.963062e-01	7.041147e+01	-1.009345e+00	1.576143e-03	7.036434e-01
