11	1.09532	3.056501e-01	6.947571e+01	-9.423542e-01	-1.842878e-01	6.942981e-01
1	1.04638	3.062222e-01	6.960542e+01	-9.707804e-01	-1.160895e-01	6.937261e-01
9	0.404018	3.025724e-01	7.002778e+01	-1.004491e+00	-4.064413e-02	6.973766e-01
2	0.61505	2.996751e-01	7.019323e+01	-1.002107e+00	-3.703821e-02	7.002741e-01
3	0.73686	3.052393e-01	6.953620e+01	-9.390360e-01	-2.030332e-01	6.947089e-01
1	1.05393	3.011361e-01	6.967540e+01	-9.889966e-01	3.304908e-02	6.988124e-01
7	1.02694	3.016208e-01	7.004527e+01	-1.033018e+00	7.381188e-02	6.983282e-01
1	1.28031	3.004103e-01	6.995089e+01	-1.015145e+00	4.506859e-02	6.995386e-01
7	1.25381	2.984218e-01	6.978330e+01	-9.943761e-01	6.068604e-02	7.015268e-01
5	0.97211	3.001809e-01	7.021261e+01	-1.046541e+00	1.009670e-01	6.997683e-01
1	1.50901	2.969158e-01	7.022070e+01	-1.025525e+00	7.102450e-02	7.030335e-01
1	1.37538	2.934460e-01	7.026575e+01	-1.012020e+00	9.666315e-02	7.065033e-01
4	1.10289	2.971444e-01	7.004213e+01	-1.020167e+00	1.026881e-01	7.028046e-01
3	1.68584	2.907100e-01	7.054244e+01	-1.068701e+00	2.693241e-01	7.092398e-01
9	1.02547	2.989823e-01	7.039602e+01	-1.026156e+00	3.771464e-04	7.009672e-01
2	1.06964	2.969862e-01	7.050317e+01	-1.064190e+00	1.446780e-01	7.029634e-01
1	1.75587	2.946338e-01	7.067753e+01	-1.084031e+00	2.111189e-01	7.053161e-01
1	0.741345	2.962515e-01	7.038474e+01	-1.062610e+00	1.906259e-01	7.036979e-01
4	0.782655	2.962324e-01	7.014568e+01	-1.030557e+00	1.330245e-01	7.037167e-01
3	1.81142	2.961080e-01	6.997346e+01	-1.029757e+00	1.789117e-01	7.038409e-01
4	2.08071	2.896596e-01	7.059557e+01	-1.058375e+00	2.463150e-01	7.102902e-01
1	2.15121	2.943703e-01	7.041836e+01	-1.011153e+00	3.950191e-02	7.055792e-01
1	1.11931	2.976575e-01	6.992656e+01	-9.716241e-01	-3.027421e-02	7.022913e-01
6	0.164794	3.028709e-01	6.979154e+01	-9.754314e-01	-9.054284e-02	6.970777e-01
10	0.242921	3.018062e-01	6.980749e+01	-9.709826e-01	-8.188789e-02	6.981424e-01
2	1.55288	3.074072e-01	6.963810e+01	-9.290590e-01	-3.061454e-01	6.925412e-01
1	0.979735	3.067931e-01	6.964136e+01	-9.449235e-01	-2.331027e-01	6.931553e-01
7	1.19865	3.054452e-01	6.997412e+01	-9.961562e-01	-1.185933e-01	6.945037e-01
1	2.32815	3.025028e-01	7.029785e+01	-1.051072e+00	3.703476e-02	6.974466e-01
3	2.19302	3.076477e-01	6.983336e+01	-9.979567e-01	-1.154291e-01	6.923010e-01
2	2.36897	3.017850e-01	7.043903e+01	-1.047499e+00	1.691934e-02	6.981645e-01
3	1.93867	2.994718e-01	7.029497e+01	-9.991483e-01	-6.703121e-02	7.004775e-01
4	2.18722	2.991306e-01	7.050202e+01	-1.055830e+00	9.405143e-02	7.008191e-01
1	0.082368	3.002098e-01	6.995456e+01	-1.002148e+00	2.009766e-02	6.997390e-01
5	0.380254	2.967749e-01	7.022244e+01	-1.029876e+00	1.021742e-01	7.031743e-01
1	0.36719	3.038956e-01	6.985644e+01	-9.865092e-01	-8.959901e-02	6.960531e-01
12	1.21826	3.059062e-01	6.977997e+01	-9.919297e-01	-8.183269e-02	6.940424e-01
9	1.26783	3.049024e-01	6.977273e+01	-9.816147e-01	-8.476050e-02	6.950462e-01
1	0.861735	2.996435e-01	7.015324e+01	-1.041432e+00	1.237467e-01	7.003056e-01
2	2.19159	3.040320e-01	7.021627e+01	-1.028791e+00	-3.141435e-02	6.959172e-01
4	1.28242	3.052887e-01	7.000530e+01	-9.887046e-01	-1.521291e-01	6.946602e-01
4	1.50516	2.948243e-01	7.016979e+01	-1.001701e+00	4.737604e-02	7.051249e-01
7	3.00439	2.908459e-01	7.014415e+01	-1.014764e+00	1.744053e-01	7.091032e-01
1	1.01689	2.988641e-01	6.969672e+01	-9.762398e-01	1.954587e-02	7.010844e-01
4	1.83651	2.979640e-01	6.966655e+01	-9.529993e-01	-4.590926e-02	7.019844e-01
2	0.205006	3.003301e-01	6.987418e+01	-9.766939e-01	-6.035337e-02	6.996186e-01
9	0.168875	3.012207e-01	7.002545e+01	-1.010248e+00	5.374349e-03	6.987283e-01
1	1.63535	3.049337e-01	6.988663e+01	-1.006849e+00	-5.462894e-02	6.950151e-01
1	0.81092	2.983319e-01	7.026274e+01	-1.036435e+00	7.847353e-02	7.016174e-01
5	0.578035	2.954788e-01	7.024090e+01	-1.045725e+00	1.871752e-01	7.044704e-01
2	0.593365	2.981391e-01	7.004121e+01	-1.008338e+00	4.294228e-02	7.018099e-01
9	0.239035	3.015689e-01	6.977005e+01	-9.752057e-01	-6.104588e-02	6.983796e-01
4	0.233236	3.019596e-01	6.984785e+01	-9.764974e-01	-7.536797e-02	6.979891e-01
4	0.47932	3.046754e-01	6.971925e+01	-9.537306e-01	-1.896475e-01	6.952731e-01
1	1.43589	3.075861e-01	6.940795e+01	-9.436298e-01	-1.938698e-01	6.923620e-01
3	1.44199	3.062757e-01	6.964518e+01	-9.811876e-01	-8.467723e-02	6.936727e-01
7	1.22502	3.036434e-01	7.001467e+01	-1.018195e+00	-2.039532e-02	6.963056e-01
5	1.08012	3.009240e-01	6.980659e+01	-9.504022e-01	-1.565093e-01	6.990246e-01
2	0.97381	3.016019e-01	6.964664e+01	-9.493440e-01	-1.282461e-01	6.983465e-01
2	0.92892	3.014627e-01	6.973689e+01	-9.606167e-01	-8.462102e-02	6.984858e-01
1	0.190924	2.982097e-01	7.003643e+01	-1.003463e+00	4.310287e-02	7.017392e-01
2	1.25073	3.000618e-01	6.983274e+01	-9.895578e-01	2.632647e-02	6.998868e-01
5	1.35711	3.001347e-01	7.035760e+01	-1.035667e+00	3.648006e-02	6.998148e-01
9	1.49335	3.031894e-01	7.021175e+01	-1.016509e+00	-6.144111e-02	6.967598e-01
2	2.39631	2.943100e-01	7.077123e+01	-1.061412e+00	1.198230e-01	7.056400e-01
1	2.58062	3.019549e-01	7.014528e+01	-9.769495e-01	-1.539871e-01	6.979942e-01
2	2.60169	2.982993e-01	6.985112e+01	-9.647619e-01	-3.151967e-02	7.016494e-01
4	2.80079	2.992370e-01	7.042597e+01	-1.009273e+00	-6.256665e-02	7.007125e-01
3	1.88186	2.971485e-01	7.061436e+01	-1.047677e+00	5.889980e-02	7.028013e-01
2	1.46561	3.068498e-01	6.970809e+01	-9.704030e-01	-1.513819e-01	6.930987e-01
1	2.24883	3.055873e-01	6.998293e+01	-9.899251e-01	-1.311325e-01	6.943617e-01
1	1.70986	3.095831e-01	6.955234e+01	-9.434198e-01	-2.845131e-01	6.903652e-01
2	1.62914	3.043939e-01	6.990461e+01	-1.017436e+00	1.145006e-02	6.955549e-01
3	1.98321	2.997458e-01	7.032371e+01	-1.062777e+00	1.577750e-01	7.002036e-01
1	2.12602	3.076444e-01	6.958376e+01	-9.772812e-01	-1.060366e-01	6.923039e-01
3	1.45035	3.040213e-01	7.004002e+01	-1.001480e+00	-7.521742e-02	6.959276e-01
5	1.18249	3.002503e-01	7.006499e+01	-1.017481e+00	5.960196e-02	6.996988e-01
3	0.298135	3.023853e-01	6.983618e+01	-9.908798e-01	-3.912153e-02	6.975633e-01
2	0.627405	2.991163e-01	7.014290e+01	-1.029144e+00	7.241881e-02	7.008329e-01
2	1.22017	3.073153e-01	6.955593e+01	-9.615475e-01	-1.577770e-01	6.926329e-01
1	1.66978	3.011649e-01	7.011788e+01	-1.048161e+00	1.130089e-01	6.987842e-01
3	2.39193	2.942847e-01	7.037064e+01	-1.051683e+00	1.726908e-01	7.056648e-01
3	2.02693	2.989654e-01	6.993786e+01	-1.004115e+00	2.909750e-02	7.009835e-01
3	1.08147	2.961361e-01	7.012126e+01	-1.034572e+00	1.549478e-01	7.038130e-01
6	1.40754	3.005419e-01	6.973838e+01	-9.633115e-01	-8.912803e-02	6.994066e-01
3	1.05709	2.999677e-01	6.985007e+01	-9.820662e-01	-3.968706e-02	6.999810e-01
2	0.725495	2.973670e-01	7.001931e+01	-1.008787e+00	6.609633e-02	7.025819e-01
17	0.380152	2.962790e-01	7.023196e+01	-1.022104e+00	8.277132e-02	7.036703e-01
5	1.59641	2.944187e-01	7.060404e+01	-1.094047e+00	2.853690e-01	7.055311e-01
3	1.3645	2.939238e-01	7.033837e+01	-1.069526e+00	2.732377e-01	7.060256e-01
4	2.32595	2.890254e-01	7.066187e+01	-1.090777e+00	3.477401e-01	7.109245e-01
1	2.91027	2.915333e-01	7.045969e+01	-1.097261e+00	3.791184e-01	7.084163e-01
1	3.26166	2.982805e-01	6.991710e+01	-1.048761e+00	2.276600e-01	7.016683e-01
1	2.19547	2.990971e-01	6.983788e+01	-1.027778e+00	1.592063e-01	7.008516e-01
3	2.23314	2.954174e-01	6.985298e+01	-1.012651e+00	1.762454e-01	7.045314e-01
2	1.46782	2.963988e-01	7.031989e+01	-1.072678e+00	2.484272e-01	7.035506e-01
3	3.02127	3.004093e-01	6.987875e+01	-1.022029e+00	1.311198e-01	6.995395e-01
1	3.9894	3.040674e-01	6.974581e+01	-1.024706e+00	1.020347e-01	6.958811e-01
1	2.90086	2.966695e-01	7.025576e+01	-1.080765e+00	2.953699e-01	7.032798e-01
14	3.26152	2.958017e-01	7.012123e+01	-1.069365e+00	2.874597e-01	7.041474e-01
2	2.20201	2.977185e-01	6.972484e+01	-9.993586e-01	1.070213e-01	7.022300e-01
6	2.84399	2.957473e-01	7.004891e+01	-1.045004e+00	2.454662e-01	7.042017e-01
2	2.23164	3.060443e-01	6.946578e+01	-9.719460e-01	-5.779723e-02	6.939038e-01
4	1.91891	3.018639e-01	6.946119e+01	-9.249244e-01	-1.486282e-01	6.980843e-01
1	0.795445	3.042929e-01	6.982676e+01	-9.776941e-01	-1.072079e-01	6.956558e-01
5	0.6848	3.055720e-01	6.975826e+01	-9.757557e-01	-1.368945e-01	6.943766e-01
29	0.783235	3.031257e-01	7.001030e+01	-9.795649e-01	-1.399334e-01	6.968232e-01
6	0.767035	2.983497e-01	7.009990e+01	-1.025096e+00	1.097609e-01	7.015993e-01
4	0.651235	2.964948e-01	7.028923e+01	-1.034266e+00	1.014311e-01	7.034545e-01
3	1.25069	2.975233e-01	6.985726e+01	-9.908771e-01	4.147924e-02	7.024255e-01
1	1.36363	3.004136e-01	6.960339e+01	-9.377648e-01	-1.274983e-01	6.995348e-01
13	0.898855	2.986045e-01	6.987400e+01	-9.666200e-01	-6.612182e-02	7.013442e-01
10	0.215251	3.007962e-01	6.983169e+01	-9.715331e-01	-7.524635e-02	6.991524e-01
3	0.103986	2.996195e-01	7.008009e+01	-1.004006e+00	-5.441241e-03	7.003296e-01
11	0.330192	2.977381e-01	7.026419e+01	-1.038549e+00	1.160667e-01	7.022112e-01
17	0.218458	2.986356e-01	6.992845e+01	-9.980389e-01	3.804693e-02	7.013132e-01
2	2.98901	2.917636e-01	7.026641e+01	-1.058475e+00	3.051371e-01	7.081857e-01
6	2.8483	2.953004e-01	6.968482e+01	-9.750987e-01	8.377357e-02	7.046480e-01
1	2.69976	2.988958e-01	6.954941e+01	-9.248278e-01	-1.295557e-01	7.010524e-01
2	2.54749	3.039447e-01	6.921899e+01	-9.093515e-01	-1.792195e-01	6.960031e-01
3	1.37414	3.006916e-01	6.967702e+01	-9.534909e-01	-7.769428e-02	6.992568e-01
1	1.70264	3.033958e-01	6.978695e+01	-9.477423e-01	-1.838192e-01	6.965528e-01
4	1.12777	3.015662e-01	7.011362e+01	-9.814750e-01	-1.443634e-01	6.983829e-01
8	0.48622	3.036295e-01	6.982765e+01	-9.735048e-01	-1.321666e-01	6.963192e-01
1	1.6923	3.049756e-01	6.986961e+01	-9.950939e-01	-1.007021e-01	6.949731e-01
1	1.57564	3.035522e-01	7.007223e+01	-1.032757e+00	3.100312e-02	6.963969e-01
1	1.13163	2.952227e-01	7.052518e+01	-1.080220e+00	2.374114e-01	7.047270e-01
4	1.32431	2.965768e-01	7.056258e+01	-1.058880e+00	1.142012e-01	7.033729e-01
5	1.74298	2.950054e-01	7.014470e+01	-9.863174e-01	6.921696e-03	7.049438e-01
8	1.16145	2.985204e-01	6.970865e+01	-9.637329e-01	-1.786301e-02	7.014281e-01
3	0.795915	3.020394e-01	6.974712e+01	-9.753092e-01	-7.278282e-02	6.979092e-01
2	1.26582	2.943585e-01	7.060829e+01	-1.082263e+00	2.457716e-01	7.055913e-01
9	0.144559	2.988564e-01	7.016543e+01	-1.020796e+00	4.754782e-02	7.010928e-01
2	0.328178	2.961923e-01	7.030610e+01	-1.031119e+00	1.003719e-01	7.037571e-01
10	0.11159	3.012877e-01	7.001266e+01	-1.002732e+00	-1.707067e-02	6.986613e-01
2	0.802315	3.009977e-01	6.975869e+01	-9.778985e-01	-4.505183e-02	6.989509e-01
1	0.984845	3.020193e-01	6.975515e+01	-9.548674e-01	-1.230762e-01	6.979293e-01
6	0.302599	2.997004e-01	6.985305e+01	-9.738637e-01	-4.875828e-02	7.002483e-01
1	1.14797	3.012902e-01	7.028924e+01	-1.031525e+00	-4.424033e-03	6.986591e-01
5	0.433663	3.022526e-01	7.005277e+01	-9.932988e-01	-9.160831e-02	6.976964e-01
9	0.57699	3.016102e-01	7.008430e+01	-9.955171e-01	-6.691407e-02	6.983389e-01
2	1.36451	3.045569e-01	7.000751e+01	-9.731203e-01	-1.958624e-01	6.953921e-01
8	1.89588	3.049717e-01	6.968717e+01	-9.180306e-01	-3.234823e-01	6.949768e-01
6	1.57518	3.056897e-01	6.967298e+01	-9.563592e-01	-2.038471e-01	6.942587e-01
2	2.25108	3.057117e-01	6.999060e+01	-9.803384e-01	-2.150524e-01	6.942372e-01
2	1.0376	3.028222e-01	7.004401e+01	-1.011729e+00	-4.111563e-02	6.971267e-01
6	1.18477	3.011193e-01	7.028319e+01	-1.041175e+00	3.806389e-02	6.988301e-01
1	1.13994	2.974720e-01	7.047093e+01	-1.049739e+00	8.718991e-02	7.024776e-01
10	0.861675	2.999404e-01	7.027551e+01	-1.009260e+00	-4.449534e-02	7.000089e-01
2	1.18891	2.944339e-01	7.051990e+01	-1.039554e+00	1.091221e-01	7.055158e-01
1	1.7994	2.990258e-01	6.973378e+01	-9.518429e-01	-9.702135e-02	7.009227e-01
4	1.39033	3.015382e-01	6.967423e+01	-9.751613e-01	-1.136302e-02	6.984102e-01
1	0.53657	2.994547e-01	7.004522e+01	-1.029210e+00	1.078518e-01	7.004943e-01
1	0.877945	3.026572e-01	6.979363e+01	-9.938595e-01	-2.740538e-02	6.972914e-01
7	1.20056	2.986229e-01	6.995655e+01	-1.016775e+00	8.604194e-02	7.013260e-01
4	0.64389	3.009842e-01	6.979674e+01	-9.881523e-01	6.757001e-03	6.989644e-01
1	0.52713	2.960560e-01	7.017008e+01	-1.020064e+00	1.104664e-01	7.038932e-01
9	0.153983	2.983814e-01	7.005312e+01	-1.005381e+00	4.200628e-02	7.015676e-01
3	1.09319	2.995488e-01	6.977642e+01	-9.924164e-01	5.585600e-02	7.003998e-01
2	1.43549	2.937930e-01	7.048402e+01	-1.047438e+00	1.721477e-01	7.061567e-01
6	0.97271	2.998736e-01	7.000273e+01	-9.695275e-01	-1.060524e-01	7.000753e-01
2	1.01395	3.007744e-01	7.013503e+01	-9.836950e-01	-1.221455e-01	6.991747e-01
5	0.423647	3.021654e-01	7.006989e+01	-1.012430e+00	-2.083065e-02	6.977836e-01
5	0.608295	2.999502e-01	7.012508e+01	-1.035648e+00	9.238614e-02	6.999989e-01
9	0.327357	2.991483e-01	7.004428e+01	-9.872285e-01	-4.499365e-02	7.008007e-01
1	0.840835	3.052578e-01	6.958193e+01	-9.302293e-01	-2.485745e-01	6.946905e-01
1	1.71044	3.076570e-01	6.928777e+01	-9.011230e-01	-3.224744e-01	6.922909e-01
2	0.65356	3.028131e-01	6.958913e+01	-9.508625e-01	-1.247043e-01	6.971352e-01
14	0.53884	3.034997e-01	6.986506e+01	-9.970098e-01	-4.718237e-02	6.964491e-01
13	0.0456915	3.007445e-01	7.002430e+01	-1.001723e+00	-1.474142e-02	6.992045e-01
2	1.24002	3.017503e-01	6.963062e+01	-9.827268e-01	1.596922e-02	6.981981e-01
20	0.155589	2.990076e-01	7.001011e+01	-1.007503e+00	3.882886e-02	7.009413e-01
2	0.369591	3.007651e-01	6.980097e+01	-9.659083e-01	-8.874103e-02	6.991835e-01
1	0.123103	2.998337e-01	7.010602e+01	-1.003192e+00	-1.570734e-02	7.001154e-01
12	0.11707	3.004359e-01	6.984737e+01	-9.853739e-01	-1.845922e-02	6.995129e-01
2	0.672345	3.012803e-01	6.995357e+01	-9.706411e-01	-1.312842e-01	6.986686e-01
11	0.084447	3.012314e-01	6.999803e+01	-9.949835e-01	-4.551953e-02	6.987175e-01
4	0.435308	3.034060e-01	6.981461e+01	-9.631763e-01	-1.594445e-01	6.965426e-01
5	0.68687	2.986135e-01	6.983327e+01	-9.689313e-01	-4.098100e-02	7.013352e-01
2	0.126203	3.015744e-01	6.988855e+01	-9.906837e-01	-2.877087e-02	6.983744e-01
4	0.73534	2.953295e-01	7.039735e+01	-1.060238e+00	2.052416e-01	7.046200e-01
1	2.03388	2.974202e-01	7.000743e+01	-1.043722e+00	2.142879e-01	7.025287e-01
6	0.533365	3.021264e-01	7.000289e+01	-1.006004e+00	-1.169627e-02	6.978225e-01
26	0.576655	3.005412e-01	7.017952e+01	-1.009628e+00	-2.016900e-02	6.994080e-01
4	2.53801	2.918025e-01	7.095093e+01	-1.110071e+00	2.953379e-01	7.081478e-01
1	1.0331	2.988808e-01	7.038326e+01	-1.023591e+00	-7.408812e-03	7.010687e-01
3	0.889365	3.045501e-01	7.000336e+01	-9.936828e-01	-1.194884e-01	6.953988e-01
9	1.09594	2.954562e-01	7.043810e+01	-1.075560e+00	2.428294e-01	7.044933e-01
6	0.33634	2.972538e-01	7.026858e+01	-1.043605e+00	1.371310e-01	7.026955e-01
11	0.506295	2.956045e-01	7.018891e+01	-1.031419e+00	1.414689e-01	7.043447e-01
2	0.725175	2.942485e-01	7.025991e+01	-1.044055e+00	1.987410e-01	7.057008e-01
2	1.1415	3.020704e-01	6.968634e+01	-9.669286e-01	-8.923430e-02	6.978781e-01
2	1.07706	2.965405e-01	6.985973e+01	-9.883170e-01	6.548085e-02	7.034082e-01
2	1.16338	2.966355e-01	7.000597e+01	-9.773871e-01	-1.872063e-02	7.033134e-01
2	2.10821	2.944153e-01	7.039570e+01	-1.010771e+00	2.803321e-02	7.055342e-01
4	1.33353	2.992137e-01	6.991586e+01	-9.579151e-01	-1.099791e-01	7.007351e-01
2	0.90839	2.985332e-01	7.012687e+01	-1.026504e+00	7.479279e-02	7.014159e-01
6	0.223728	3.026510e-01	6.992159e+01	-9.961810e-01	-4.591201e-02	6.972978e-01
7	0.64463	3.003847e-01	7.021918e+01	-1.011409e+00	-3.810973e-02	6.995645e-01
2	1.14352	2.964798e-01	7.000141e+01	-1.013242e+00	1.027797e-01	7.034691e-01
4	0.711285	2.963625e-01	7.009231e+01	-1.019787e+00	1.066847e-01	7.035866e-01
1	0.376711	3.029944e-01	6.973056e+01	-9.679343e-01	-1.083420e-01	6.969542e-01
9	0.40228	2.975815e-01	6.999620e+01	-1.010018e+00	9.013221e-02	7.023674e-01
1	0.210925	3.019706e-01	6.990505e+01	-9.749322e-01	-1.077756e-01	6.979782e-01
3	1.31395	3.036332e-01	6.945869e+01	-9.452134e-01	-1.276967e-01	6.963149e-01
5	2.88861	3.026681e-01	6.967256e+01	-9.814048e-01	-5.401242e-02	6.972804e-01
3	3.43321	2.916234e-01	7.081128e+01	-1.092548e+00	2.528827e-01	7.083267e-01
1	4.38762	2.872574e-01	7.111534e+01	-1.130627e+00	3.972706e-01	7.126931e-01
5	2.28046	2.907785e-01	7.063740e+01	-1.071370e+00	2.461096e-01	7.091714e-01
1	2.48366	2.881539e-01	7.072107e+01	-1.088533e+00	3.482855e-01	7.117960e-01
1	2.02078	2.898155e-01	7.063717e+01	-1.074531e+00	2.813789e-01	7.101344e-01
4	3.02639	2.927149e-01	7.031511e+01	-1.018529e+00	9.933117e-02	7.072345e-01
2	3.90608	2.940596e-01	6.968731e+01	-9.869402e-01	1.401409e-01	7.058889e-01
5	5.42295	2.960124e-01	6.946475e+01	-9.365001e-01	-2.624346e-02	7.039357e-01
3	5.4088	2.870568e-01	7.033658e+01	-1.054299e+00	3.208343e-01	7.128927e-01
4	6.30055	2.983758e-01	6.973521e+01	-1.037863e+00	2.191376e-01	7.015727e-01
1	2.73092	2.992878e-01	6.990447e+01	-1.024885e+00	1.105376e-01	7.006610e-01
2	2.64317	2.982481e-01	6.978722e+01	-1.004406e+00	8.926148e-02	7.017005e-01
1	2.40451	2.971145e-01	6.983416e+01	-1.007000e+00	1.087534e-01	7.028342e-01
2	1.895	3.010709e-01	6.965580e+01	-9.938208e-01	4.313254e-02	6.988775e-01
5	1.8905	3.028651e-01	6.952819e+01	-9.802664e-01	1.273685e-02	6.970831e-01
1	1.70754	2.933939e-01	7.061568e+01	-1.077520e+00	2.259796e-01	7.065559e-01
6	1.71734	2.956029e-01	7.056996e+01	-1.036398e+00	6.057494e-02	7.043469e-01
9	2.47878	2.977976e-01	7.059622e+01	-1.033991e+00	-1.208400e-02	7.021522e-01
3	2.09147	3.015241e-01	7.021772e+01	-9.814243e-01	-1.645988e-01	6.984252e-01
1	3.52085	3.092417e-01	6.990896e+01	-9.602900e-01	-3.161513e-01	6.907071e-01
1	1.75626	3.047545e-01	7.008081e+01	-1.024047e+00	-3.669862e-02	6.951946e-01
5	1.26767	3.006613e-01	7.019440e+01	-1.034253e+00	4.082245e-02	6.992879e-01
18	0.229455	2.995818e-01	6.996340e+01	-1.000561e+00	1.311371e-02	7.003670e-01
2	0.223998	2.982850e-01	7.025535e+01	-1.032402e+00	7.881616e-02	7.016643e-01
3	0.56596	2.969670e-01	7.035196e+01	-1.051859e+00	1.558730e-01	7.029825e-01
4	1.2649	2.973371e-01	7.054368e+01	-1.049214e+00	8.121437e-02	7.026126e-01
2	1.00379	3.039883e-01	6.999556e+01	-9.950655e-01	-8.885977e-02	6.959606e-01
1	0.66405	3.047655e-01	6.985167e+01	-9.857712e-01	-1.134710e-01	6.951832e-01
15	0.768995	3.011701e-01	7.020649e+01	-1.032561e+00	3.060525e-02	6.987792e-01
6	0.691745	2.942610e-01	7.039677e+01	-1.056454e+00	2.026169e-01	7.056885e-01
7	1.35926	2.969853e-01	7.051388e+01	-1.059886e+00	1.205986e-01	7.029644e-01
1	0.848085	3.019731e-01	7.016910e+01	-1.026953e+00	3.712167e-03	6.979760e-01
1	0.597415	3.041897e-01	6.994643e+01	-9.911604e-01	-1.074141e-01	6.957591e-01
2	1.48087	3.085814e-01	6.960963e+01	-9.588232e-01	-2.176172e-01	6.913669e-01
5	1.15285	3.073774e-01	6.959082e+01	-9.495739e-01	-2.095284e-01	6.925709e-01
2	0.838715	3.061963e-01	6.946858e+01	-9.377757e-01	-2.025213e-01	6.937519e-01
20	0.380491	2.992985e-01	7.027469e+01	-1.028616e+00	4.054402e-02	7.006508e-01
1	1.43179	2.947768e-01	7.051909e+01	-1.071008e+00	2.289605e-01	7.051729e-01
1	2.95583	2.939722e-01	7.058281e+01	-1.099311e+00	3.321791e-01	7.059775e-01
2	1.48586	2.960551e-01	7.060348e+01	-1.054376e+00	1.129162e-01	7.038946e-01
2	0.615115	2.981929e-01	7.022391e+01	-1.019997e+00	5.738438e-02	7.017564e-01
14	0.52333	2.989129e-01	7.033552e+01	-1.039141e+00	6.879456e-02	7.010365e-01
8	1.08866	2.963926e-01	7.037046e+01	-1.069259e+00	2.144792e-01	7.035569e-01
7	0.590085	3.025162e-01	6.961628e+01	-9.455950e-01	-1.417936e-01	6.974321e-01
15	1.49184	2.928739e-01	7.041481e+01	-1.072446e+00	2.765258e-01	7.070756e-01
9	1.18511	2.938714e-01	7.017058e+01	-1.031674e+00	1.914394e-01	7.060778e-01
2	2.04343	2.906444e-01	7.065088e+01	-1.098881e+00	3.585795e-01	7.093055e-01
3	0.66558	2.975290e-01	7.009385e+01	-1.025927e+00	1.059190e-01	7.024201e-01
6	0.576105	2.995870e-01	7.024594e+01	-1.009902e+00	-2.871857e-02	7.003623e-01
12	0.716565	3.031449e-01	7.007836e+01	-9.961940e-01	-1.059319e-01	6.968042e-01
9	0.187333	2.995587e-01	7.002327e+01	-9.988598e-01	-9.831438e-03	7.003903e-01
7	0.51869	2.997512e-01	6.996002e+01	-9.733467e-01	-7.962847e-02	7.001977e-01
5	0.597465	2.985603e-01	6.995466e+01	-1.006964e+00	7.700224e-02	7.013886e-01
1	0.537855	2.995874e-01	6.981712e+01	-9.922794e-01	3.812247e-02	7.003613e-01
6	0.295049	2.989762e-01	6.987174e+01	-9.846086e-01	2.447109e-03	7.009726e-01
2	0.939715	3.022996e-01	6.951804e+01	-9.505899e-01	-8.689459e-02	6.976487e-01
6	0.63779	3.036296e-01	6.954039e+01	-9.438862e-01	-1.458655e-01	6.963186e-01
2	0.66959	2.988183e-01	7.035050e+01	-1.040943e+00	7.939858e-02	7.011312e-01
1	0.535835	2.995815e-01	7.014195e+01	-1.021078e+00	5.705923e-02	7.003677e-01
1	1.30295	2.942603e-01	7.040386e+01	-1.056432e+00	2.177495e-01	7.056892e-01
1	0.83296	2.988191e-01	7.007058e+01	-1.002412e+00	2.792801e-02	7.011299e-01
3	0.783115	2.997765e-01	7.020939e+01	-1.022957e+00	1.452443e-02	7.001727e-01
10	0.877275	3.014420e-01	7.002135e+01	-9.878487e-01	-9.733638e-02	6.985069e-01
6	1.47808	2.970896e-01	7.038227e+01	-1.062622e+00	1.634564e-01	7.028598e-01
2	1.12532	3.045679e-01	6.975859e+01	-9.804026e-01	-1.101587e-01	6.953807e-01
4	1.16826	3.034311e-01	7.014865e+01	-1.015272e+00	-5.448696e-02	6.965180e-01
1	1.4144	2.986563e-01	7.026761e+01	-1.023175e+00	1.484436e-02	7.012930e-01
2	1.54273	3.015497e-01	6.983936e+01	-9.525682e-01	-1.791181e-01	6.983990e-01
2	3.75663	3.125346e-01	6.925273e+01	-8.622938e-01	-5.614941e-01	6.874132e-01
1	2.40003	3.053974e-01	6.977751e+01	-9.486717e-01	-2.664788e-01	6.945512e-01
10	1.90785	3.080220e-01	6.969736e+01	-9.335873e-01	-3.432874e-01	6.919265e-01
1	3.10404	3.105680e-01	6.953067e+01	-9.577668e-01	-2.551514e-01	6.893803e-01
1	3.05868	3.043369e-01	6.989067e+01	-1.021311e+00	2.186501e-03	6.956119e-01
4	2.5486	3.071953e-01	6.984607e+01	-1.000422e+00	-1.173876e-01	6.927534e-01
6	2.74142	3.069350e-01	6.983383e+01	-1.012436e+00	-5.450208e-02	6.930137e-01
3	2.51937	3.080017e-01	6.962883e+01	-9.860361e-01	-9.510002e-02	6.919467e-01
6	0.805085	3.054993e-01	6.967691e+01	-9.662039e-01	-1.327559e-01	6.944492e-01
3	1.07404	3.028696e-01	7.012382e+01	-1.026730e+00	8.437591e-03	6.970795e-01
1	2.18263	3.007459e-01	7.034528e+01	-1.070536e+00	1.495600e-01	6.992035e-01
1	3.40199	3.041363e-01	7.012987e+01	-1.026702e+00	1.403377e-03	6.958129e-01
1	2.29414	2.976396e-01	7.068088e+01	-1.063554e+00	7.599352e-02	7.023104e-01
4	0.29704	3.037574e-01	6.982785e+01	-9.725916e-01	-1.254835e-01	6.961913e-01
1	1.58726	2.972345e-01	7.048354e+01	-1.062726e+00	1.317463e-01	7.027151e-01
8	0.352252	3.033769e-01	6.991051e+01	-9.948521e-01	-6.110548e-02	6.965719e-01
10	1.73384	3.037259e-01	6.984693e+01	-9.959997e-01	-6.651086e-02	6.962228e-01
9	2.95461	2.910029e-01	7.052958e+01	-1.089649e+00	3.619837e-01	7.089468e-01
9	2.22139	2.890851e-01	7.067658e+01	-1.071019e+00	2.821696e-01	7.108648e-01
7	1.86159	2.918485e-01	7.021851e+01	-1.018266e+00	1.623659e-01	7.081008e-01
2	1.67475	2.939770e-01	7.010094e+01	-9.999717e-01	7.787085e-02	7.059720e-01
2	1.55578	2.940639e-01	7.040982e+01	-1.018654e+00	6.653237e-02	7.058857e-01
3	1.00363	2.935716e-01	7.044748e+01	-1.040201e+00	1.418315e-01	7.063779e-01
2	0.77054	2.965419e-01	7.005844e+01	-1.030171e+00	1.629792e-01	7.034071e-01
4	1.08052	2.965962e-01	7.000161e+01	-1.006292e+00	1.011180e-01	7.033527e-01
5	0.468808	2.992433e-01	6.983911e+01	-9.802985e-01	-4.861942e-03	7.007054e-01
3	0.5096	2.957340e-01	7.020756e+01	-1.040027e+00	1.723295e-01	7.042153e-01
2	0.85125	2.966197e-01	6.998245e+01	-1.019965e+00	1.443199e-01	7.033292e-01
9	0.97238	3.018483e-01	6.981234e+01	-1.009026e+00	5.223872e-02	6.981004e-01
1	1.25462	3.072523e-01	6.941608e+01	-9.277404e-01	-2.349343e-01	6.926958e-01
7	3.1091	3.013304e-01	7.019750e+01	-9.952512e-01	-7.758088e-02	6.986188e-01
2	2.66283	2.979997e-01	7.036708e+01	-1.061987e+00	1.866701e-01	7.019497e-01
3	3.38916	2.960275e-01	7.050240e+01	-1.052978e+00	1.594251e-01	7.039221e-01
1	2.92297	2.926358e-01	7.042900e+01	-1.067913e+00	2.890279e-01	7.073137e-01
2	1.64548	3.043725e-01	6.997687e+01	-9.638090e-01	-2.129543e-01	6.955764e-01
4	1.77809	3.012940e-01	7.009744e+01	-9.720794e-01	-1.758234e-01	6.986551e-01
6	0.84542	2.995023e-01	7.007395e+01	-9.779127e-01	-9.414004e-02	7.004468e-01
1	1.99838	2.991228e-01	7.041732e+01	-1.012673e+00	-5.215157e-02	7.008268e-01
3	1.48381	2.958774e-01	7.056277e+01	-1.054965e+00	1.356698e-01	7.040723e-01
15	1.182	3.021541e-01	7.008327e+01	-1.021277e+00	2.541085e-02	6.977950e-01
2	0.367824	3.017283e-01	7.005440e+01	-1.011058e+00	-4.270037e-03	6.982207e-01
9	0.53932	3.018804e-01	7.013506e+01	-1.010656e+00	-4.425678e-02	6.980687e-01
5	0.82351	3.031388e-01	6.996687e+01	-9.700894e-01	-1.750224e-01	6.968101e-01
2	1.77518	3.030662e-01	6.983090e+01	-9.541127e-01	-2.071374e-01	6.968825e-01
19	1.20114	3.081694e-01	6.956456e+01	-9.472946e-01	-2.414118e-01	6.917789e-01
1	0.231822	2.976286e-01	7.022330e+01	-1.035601e+00	1.161732e-01	7.023206e-01
7	0.74529	3.040041e-01	6.967149e+01	-9.560462e-01	-1.357862e-01	6.959444e-01
7	0.5451	2.955222e-01	7.013048e+01	-1.011298e+00	9.325009e-02	7.044269e-01
10	0.526025	2.974158e-01	6.993577e+01	-1.005414e+00	8.873020e-02	7.025330e-01
5	0.63122	3.040390e-01	6.996887e+01	-9.901984e-01	-1.078269e-01	6.959099e-01
28	0.192538	3.019088e-01	6.987810e+01	-9.729923e-01	-1.016966e-01	6.980399e-01
1	2.0286	3.087687e-01	6.966092e+01	-9.253281e-01	-3.683244e-01	6.911797e-01
5	1.4228	3.081075e-01	6.968752e+01	-9.575731e-01	-2.296764e-01	6.918409e-01
6	0.629735	3.028346e-01	6.983089e+01	-9.831560e-01	-8.349323e-02	6.971141e-01
16	0.0838425	3.018986e-01	6.993998e+01	-9.897321e-01	-5.984471e-02	6.980503e-01
1	0.99429	2.999428e-01	6.985562e+01	-9.589912e-01	-1.006875e-01	7.000059e-01
16	0.95205	3.023919e-01	6.979472e+01	-9.538346e-01	-1.740272e-01	6.975567e-01
3	0.386303	2.975195e-01	7.002376e+01	-1.016690e+00	1.066900e-01	7.024295e-01
19	0.367837	2.998112e-01	6.985944e+01	-9.981190e-01	3.268755e-02	7.001376e-01
1	0.411764	2.984263e-01	7.007875e+01	-1.025964e+00	1.105961e-01	7.015227e-01
3	0.71985	2.963837e-01	7.027104e+01	-1.054593e+00	1.905914e-01	7.035657e-01
7	0.79077	2.990864e-01	7.016040e+01	-1.045724e+00	1.417498e-01	7.008627e-01
6	1.06219	3.008900e-01	7.006445e+01	-1.008404e+00	-2.443145e-02	6.990590e-01
1	0.806245	3.041634e-01	7.000189e+01	-9.996357e-01	-9.350433e-02	6.957855e-01
6	0.715575	3.032156e-01	6.955278e+01	-9.419335e-01	-1.450716e-01	6.967326e-01
4	0.332139	2.994940e-01	6.990004e+01	-9.761473e-01	-5.281108e-02	7.004548e-01
5	1.72489	2.976819e-01	6.992052e+01	-9.662718e-01	-4.328892e-02	7.022669e-01
4	0.73505	2.945722e-01	7.019605e+01	-1.026252e+00	1.396616e-01	7.053770e-01
1	1.24926	2.923606e-01	7.029174e+01	-1.032838e+00	1.820568e-01	7.075888e-01
4	1.37573	2.958809e-01	7.017600e+01	-1.006280e+00	3.816498e-02	7.040682e-01
3	1.1257	2.952507e-01	7.010203e+01	-1.007892e+00	8.040461e-02	7.046984e-01
1	2.61158	3.000366e-01	6.975160e+01	-9.492357e-01	-1.412415e-01	6.999120e-01
5	2.15056	2.993768e-01	6.953646e+01	-9.418167e-01	-8.053136e-02	7.005715e-01
2	1.84766	3.041275e-01	6.929714e+01	-9.100357e-01	-2.124434e-01	6.958204e-01
1	2.01583	3.086085e-01	6.937547e+01	-9.493573e-01	-1.732227e-01	6.913395e-01
1	2.32004	3.099114e-01	6.916144e+01	-9.091814e-01	-2.831074e-01	6.900363e-01
4	1.46373	3.048183e-01	6.970018e+01	-9.600214e-01	-1.386729e-01	6.951301e-01
1	0.548745	3.019258e-01	6.980264e+01	-9.781513e-01	-4.961348e-02	6.980228e-01
5	0.275619	3.013258e-01	6.974841e+01	-9.664634e-01	-7.538774e-02	6.986228e-01
1	0.800975	3.046142e-01	6.987733e+01	-9.762857e-01	-1.592699e-01	6.953345e-01
2	1.72544	3.050266e-01	6.969834e+01	-9.444087e-01	-2.443248e-01	6.949219e-01
4	1.5044	3.041866e-01	6.997321e+01	-9.590632e-01	-2.356271e-01	6.957623e-01
1	1.7131	3.044877e-01	6.958470e+01	-9.145348e-01	-2.983741e-01	6.954606e-01
1	2.55435	3.048448e-01	7.011497e+01	-9.694067e-01	-2.604353e-01	6.951043e-01
7	1.59532	3.060010e-01	6.980787e+01	-9.508254e-01	-2.705502e-01	6.939476e-01
5	3.16861	3.000447e-01	7.015331e+01	-9.774146e-01	-1.590280e-01	6.999044e-01
5	2.21041	3.014955e-01	7.012268e+01	-9.686312e-01	-2.010428e-01	6.984536e-01
1	2.02463	2.976778e-01	7.065456e+01	-1.062666e+00	8.187518e-02	7.022720e-01
1	1.19639	2.977614e-01	7.036005e+01	-1.012277e+00	-1.959451e-02	7.021880e-01
3	1.09221	2.978311e-01	7.035703e+01	-1.022930e+00	1.233941e-02	7.021183e-01
1	1.44094	2.923528e-01	7.029113e+01	-1.040932e+00	2.202838e-01	7.075965e-01
5	1.48409	2.984512e-01	6.979887e+01	-9.805714e-01	3.129832e-02	7.014974e-01
2	1.65491	2.924451e-01	7.048487e+01	-1.076114e+00	2.957822e-01	7.075045e-01
5	1.21558	2.967224e-01	7.056714e+01	-1.054531e+00	9.939405e-02	7.032273e-01
19	0.87351	2.975626e-01	7.015487e+01	-9.991115e-01	-1.131114e-02	7.023866e-01
4	1.255	3.012976e-01	6.993507e+01	-9.572633e-01	-1.775456e-01	6.986512e-01
8	1.0161	2.974421e-01	6.999552e+01	-9.856952e-01	-1.354225e-02	7.025068e-01
4	1.19697	3.052863e-01	6.976741e+01	-9.538361e-01	-2.296183e-01	6.946623e-01
1	1.32875	3.012573e-01	7.032354e+01	-1.025663e+00	-3.658462e-02	6.986921e-01
1	1.21497	3.056613e-01	6.968443e+01	-9.366262e-01	-2.518108e-01	6.942872e-01
5	1.1425	3.019359e-01	6.999303e+01	-9.761815e-01	-1.122266e-01	6.980130e-01
1	1.69346	3.089222e-01	6.952454e+01	-9.255635e-01	-3.146430e-01	6.910260e-01
3	2.14289	3.081489e-01	6.970009e+01	-9.330595e-01	-3.525249e-01	6.917996e-01
8	3.58476	3.080114e-01	6.965119e+01	-9.035682e-01	-4.542059e-01	6.919370e-01
1	3.51585	3.004644e-01	7.059365e+01	-1.037034e+00	-6.691604e-02	6.994854e-01
3	2.04773	3.106717e-01	6.950796e+01	-9.277177e-01	-3.532874e-01	6.892765e-01
4	0.8416	3.070628e-01	6.960818e+01	-9.477400e-01	-2.239586e-01	6.928856e-01
3	1.28103	3.049826e-01	6.966057e+01	-9.485536e-01	-1.763684e-01	6.949658e-01
2	0.760815	2.984842e-01	7.003129e+01	-9.791267e-01	-5.150255e-02	7.014648e-01
1	0.80607	2.974815e-01	7.028664e+01	-1.008606e+00	1.993117e-03	7.024679e-01
20	0.384349	3.014643e-01	7.012451e+01	-1.005474e+00	-4.905980e-02	6.984848e-01
11	1.53975	2.961401e-01	7.030547e+01	-1.014994e+00	2.772661e-02	7.038092e-01
2	1.71981	3.030137e-01	6.983196e+01	-9.357097e-01	-2.596109e-01	6.969349e-01
3	1.80912	2.990514e-01	7.012142e+01	-9.707932e-01	-1.204630e-01	7.008977e-01
1	0.453307	3.007559e-01	6.982584e+01	-9.987299e-01	3.416363e-02	6.991928e-01
12	1.03172	2.940642e-01	7.015115e+01	-1.033944e+00	1.921066e-01	7.058849e-01
1	0.710425	3.020779e-01	7.005165e+01	-1.008924e+00	-3.679095e-02	6.978711e-01
1	1.33435	2.965760e-01	7.048733e+01	-1.052480e+00	1.075032e-01	7.033737e-01
4	2.16718	3.048776e-01	6.980959e+01	-9.730543e-01	-1.717859e-01	6.950710e-01
5	2.32201	2.955408e-01	7.033484e+01	-1.019432e+00	4.160996e-02	7.044086e-01
1	2.42894	2.989049e-01	6.967055e+01	-9.389938e-01	-1.239780e-01	7.010436e-01
1	2.02872	2.958099e-01	6.978764e+01	-9.672716e-01	2.052010e-02	7.041387e-01
5	0.413164	2.997257e-01	6.982197e+01	-9.801360e-01	-2.373018e-02	7.002230e-01
4	1.7591	2.973183e-01	6.991782e+01	-9.721583e-01	-4.241525e-02	7.026305e-01
5	0.742965	2.976222e-01	6.984003e+01	-9.855673e-01	3.572059e-02	7.023265e-01
2	0.692025	2.960064e-01	7.029275e+01	-1.039366e+00	1.505097e-01	7.039430e-01
6	0.86918	3.052054e-01	6.973719e+01	-9.428870e-01	-2.453413e-01	6.947431e-01
8	0.64912	3.059765e-01	6.959621e+01	-9.478498e-01	-1.935125e-01	6.939718e-01
2	0.437009	3.025402e-01	6.971426e+01	-9.761302e-01	-4.907675e-02	6.974083e-01
2	0.342958	2.985602e-01	7.023625e+01	-1.025661e+00	6.250422e-02	7.013890e-01
1	1.0937	3.001580e-01	6.984072e+01	-9.593202e-01	-1.206508e-01	6.997907e-01
2	1.11176	3.010674e-01	6.956172e+01	-9.544862e-01	-6.922126e-02	6.988809e-01
3	1.52461	2.960223e-01	7.015759e+01	-1.051853e+00	2.296599e-01	7.039269e-01
5	1.68544	3.050914e-01	6.949825e+01	-9.722312e-01	-5.167137e-02	6.948568e-01
12	1.21101	3.025801e-01	6.970310e+01	-9.966850e-01	2.826698e-02	6.973684e-01
4	1.24579	2.989133e-01	7.001860e+01	-9.973747e-01	2.601890e-02	7.010357e-01
3	0.263969	3.026236e-01	6.996520e+01	-9.988601e-01	-4.561797e-02	6.973252e-01
3	1.25248	3.066894e-01	6.955941e+01	-9.395388e-01	-2.472826e-01	6.932589e-01
1	1.53534	3.071918e-01	6.951208e+01	-9.266170e-01	-2.940698e-01	6.927564e-01
1	2.01898	3.011490e-01	7.008479e+01	-9.964544e-01	-8.846779e-02	6.988000e-01
1	0.386398	3.001553e-01	7.015686e+01	-1.001306e+00	-4.486033e-02	6.997938e-01
3	0.352411	3.010820e-01	7.003021e+01	-1.010471e+00	-2.338564e-04	6.988669e-01
3	0.48939	2.967138e-01	7.006518e+01	-1.003967e+00	5.357299e-02	7.032353e-01
7	0.92683	2.963396e-01	6.992254e+01	-9.897872e-01	5.812898e-02	7.036093e-01
1	1.51953	3.026854e-01	6.970658e+01	-9.272591e-01	-2.405898e-01	6.972631e-01
7	1.13012	3.024660e-01	6.967097e+01	-9.323500e-01	-2.091462e-01	6.974825e-01
5	0.95641	2.954189e-01	7.025691e+01	-1.025350e+00	9.689390e-02	7.045304e-01
5	1.29486	2.938496e-01	7.042082e+01	-1.074487e+00	2.765454e-01	7.060999e-01
6	0.889315	3.026945e-01	7.001070e+01	-1.022671e+00	2.509074e-02	6.972544e-01
3	1.36028	3.035981e-01	6.965607e+01	-9.808169e-01	-2.748452e-02	6.963504e-01
6	1.71007	3.001301e-01	6.984168e+01	-9.961995e-01	4.988812e-02	6.998186e-01
1	0.88107	2.957787e-01	7.009316e+01	-1.005846e+00	8.654719e-02	7.041703e-01
4	1.02107	2.992160e-01	7.019648e+01	-1.040809e+00	1.228574e-01	7.007332e-01
5	0.973935	3.001560e-01	7.010760e+01	-1.028667e+00	8.613975e-02	6.997931e-01
6	0.266379	3.017230e-01	6.976447e+01	-9.683863e-01	-7.798185e-02	6.982255e-01
28	0.541235	3.024109e-01	6.974859e+01	-9.656251e-01	-1.139062e-01	6.975377e-01
1	0.575915	2.974003e-01	6.991151e+01	-9.888052e-01	3.151225e-02	7.025485e-01
13	0.59199	2.992056e-01	6.984578e+01	-9.677546e-01	-6.255979e-02	7.007431e-01
4	1.19368	3.022862e-01	6.956667e+01	-9.279541e-01	-1.876986e-01	6.976621e-01
2	0.60572	2.949704e-01	7.043865e+01	-1.044658e+00	1.392697e-01	7.049791e-01
3	0.458514	2.999221e-01	7.015416e+01	-1.013019e+00	1.483668e-02	7.000270e-01
3	0.471598	3.004292e-01	6.972641e+01	-9.745709e-01	-2.677176e-02	6.995193e-01
3	0.58818	3.011827e-01	6.975028e+01	-9.639230e-01	-7.509061e-02	6.987659e-01
12	0.988975	2.995731e-01	6.988207e+01	-9.615655e-01	-1.087437e-01	7.003756e-01
10	0.486484	3.001217e-01	6.980286e+01	-9.633069e-01	-7.991961e-02	6.998270e-01
15	0.385889	3.032596e-01	6.990734e+01	-9.979781e-01	-4.739343e-02	6.966892e-01
13	0.50161	3.049943e-01	6.976792e+01	-9.761014e-01	-1.222083e-01	6.949543e-01
5	0.376518	2.992431e-01	6.983100e+01	-9.770993e-01	-2.340687e-02	7.007056e-01
5	0.427225	2.982450e-01	7.027478e+01	-1.016931e+00	1.693952e-02	7.017043e-01
3	0.852925	3.042148e-01	6.969519e+01	-9.414863e-01	-2.243398e-01	6.957337e-01
4	1.32757	3.022099e-01	7.005102e+01	-1.005813e+00	-5.877135e-02	6.977391e-01
3	1.43509	2.944793e-01	7.036664e+01	-1.022378e+00	7.513964e-02	7.054702e-01
3	0.83482	3.011896e-01	7.018315e+01	-1.011166e+00	-2.668611e-02	6.987596e-01
9	0.214761	2.986473e-01	7.021931e+01	-1.031069e+00	8.091510e-02	7.013019e-01
5	1.04608	2.987889e-01	6.992014e+01	-9.634352e-01	-9.302885e-02	7.011599e-01
6	1.08739	3.019195e-01	6.988187e+01	-9.540179e-01	-1.689798e-01	6.980292e-01
1	1.79622	2.986370e-01	7.006930e+01	-9.949937e-01	-3.504689e-02	7.013120e-01
1	1.51324	2.965330e-01	7.059797e+01	-1.072656e+00	1.556995e-01	7.034167e-01
2	1.69877	2.925374e-01	7.062363e+01	-1.057217e+00	1.896085e-01	7.074124e-01
1	1.92066	2.964957e-01	7.044208e+01	-1.054637e+00	1.648989e-01	7.034538e-01
1	1.78006	3.047380e-01	7.010697e+01	-1.005789e+00	-1.004476e-01	6.952111e-01
5	0.98488	3.008744e-01	7.013244e+01	-1.001065e+00	-6.935961e-02	6.990748e-01
4	2.11985	2.983579e-01	6.971676e+01	-9.404499e-01	-1.131669e-01	7.015906e-01
3	1.55781	2.954272e-01	7.000629e+01	-9.842279e-01	1.995578e-02	7.045217e-01
2	2.09829	3.019591e-01	7.006176e+01	-9.911475e-01	-1.188430e-01	6.979899e-01
1	3.43179	2.992795e-01	7.025276e+01	-1.049744e+00	9.462135e-02	7.006698e-01
3	3.76138	2.987809e-01	7.055471e+01	-1.024837e+00	-7.177815e-02	7.011688e-01
8	2.62743	2.947613e-01	7.068027e+01	-1.084783e+00	2.017745e-01	7.051886e-01
3	1.27591	2.952692e-01	7.026954e+01	-1.017124e+00	9.301126e-02	7.046801e-01
1	1.03997	2.969796e-01	7.052739e+01	-1.058789e+00	1.304851e-01	7.029701e-01
2	1.53933	2.961102e-01	7.052259e+01	-1.087190e+00	2.499489e-01	7.038394e-01
2	1.76402	2.930609e-01	7.075181e+01	-1.087949e+00	2.388363e-01	7.068892e-01
5	2.15227	2.902700e-01	7.084502e+01	-1.106162e+00	3.414358e-01	7.096802e-01
16	1.31029	2.963942e-01	7.053654e+01	-1.065255e+00	1.470199e-01	7.035555e-01
6	1.38254	2.925887e-01	7.063304e+01	-1.069249e+00	2.275323e-01	7.073612e-01
4	1.39698	2.936935e-01	7.027202e+01	-1.010017e+00	8.223687e-02	7.062558e-01
12	1.6041	2.916719e-01	7.040173e+01	-1.042316e+00	1.932054e-01	7.082776e-01
3	1.48746	2.922685e-01	7.039783e+01	-1.061650e+00	2.516063e-01	7.076810e-01
5	1.44086	2.946602e-01	7.055599e+01	-1.080675e+00	2.327903e-01	7.052895e-01
3	2.48436	3.001611e-01	6.987286e+01	-1.017897e+00	7.745728e-02	6.997876e-01
2	2.48569	3.092698e-01	6.918304e+01	-9.254223e-01	-2.186062e-01	6.906780e-01
1	3.24289	3.068272e-01	6.928075e+01	-9.512826e-01	-8.997631e-02	6.931206e-01
2	2.89293	3.077383e-01	6.920422e+01	-9.361177e-01	-1.464934e-01	6.922095e-01
2	2.45686	3.020731e-01	6.941146e+01	-9.542894e-01	-2.757765e-02	6.978749e-01
4	2.50561	3.072342e-01	6.914249e+01	-9.140924e-01	-2.030222e-01	6.927134e-01
7	0.557115	3.036438e-01	6.982752e+01	-9.774915e-01	-9.644380e-02	6.963048e-01
4	0.270697	2.988507e-01	7.018070e+01	-1.007012e+00	-4.759775e-03	7.010985e-01
10	0.492163	3.011036e-01	6.993072e+01	-9.887569e-01	-3.098088e-02	6.988453e-01
7	0.538015	2.967678e-01	7.021615e+01	-1.023720e+00	9.971056e-02	7.031815e-01
12	0.358478	2.987489e-01	7.000932e+01	-9.845004e-01	-3.426120e-02	7.012001e-01
1	0.337637	3.018276e-01	6.985777e+01	-9.881367e-01	-2.972200e-02	6.981211e-01
7	1.01496	3.059570e-01	6.964347e+01	-9.752704e-01	-1.104831e-01	6.939914e-01
1	1.17312	2.998922e-01	6.986227e+01	-1.019120e+00	1.112811e-01	7.000565e-01
1	1.04731	2.981148e-01	7.018462e+01	-1.013289e+00	1.586771e-02	7.018344e-01
2	0.379928	2.987091e-01	7.023664e+01	-1.021120e+00	2.785806e-02	7.012401e-01
2	0.910655	3.024812e-01	7.000367e+01	-9.784329e-01	-1.225840e-01	6.974677e-01
7	1.07142	3.036907e-01	6.995314e+01	-1.010307e+00	-1.275589e-02	6.962581e-01
3	1.46101	3.046902e-01	6.996754e+01	-1.014572e+00	-4.004392e-02	6.952587e-01
20	1.23994	3.001212e-01	6.998484e+01	-1.022264e+00	6.894865e-02	6.998277e-01
5	1.32069	2.962776e-01	7.006061e+01	-1.034818e+00	1.708603e-01	7.036714e-01
1	0.33435	3.001437e-01	6.981338e+01	-9.848961e-01	6.761796e-04	6.998050e-01
6	0.766855	3.055820e-01	6.971717e+01	-9.733448e-01	-1.228182e-01	6.943665e-01
1	1.31353	3.060171e-01	6.969979e+01	-9.623626e-01	-1.925702e-01	6.939314e-01
1	1.0112	3.010688e-01	6.979187e+01	-9.647212e-01	-1.078511e-01	6.988798e-01
3	1.602	2.987936e-01	6.999894e+01	-9.606800e-01	-1.263568e-01	7.011554e-01
2	2.20969	2.984967e-01	7.053344e+01	-1.031070e+00	-2.239048e-02	7.014530e-01
4	0.466966	3.041298e-01	6.987377e+01	-9.875340e-01	-9.789387e-02	6.958190e-01
3	0.7037	3.003299e-01	7.028078e+01	-1.029511e+00	1.418593e-02	6.996194e-01
12	0.80481	3.014583e-01	7.010965e+01	-9.972176e-01	-8.597987e-02	6.984908e-01
11	1.07525	3.004919e-01	7.006518e+01	-9.739730e-01	-1.343616e-01	6.994571e-01
3	1.07066	2.957911e-01	7.030050e+01	-1.016944e+00	4.839371e-02	7.041583e-01
2	1.2234	2.960031e-01	7.022809e+01	-9.967952e-01	7.330956e-04	7.039462e-01
5	0.449493	3.002467e-01	6.974295e+01	-9.702736e-01	-4.419966e-02	6.997019e-01
2	0.466052	3.048071e-01	6.965505e+01	-9.640920e-01	-1.270414e-01	6.951413e-01
1	1.14766	3.046986e-01	6.992311e+01	-1.009025e+00	-4.021571e-02	6.952503e-01
4	0.164831	3.010351e-01	6.999426e+01	-1.005210e+00	-5.007053e-03	6.989138e-01
1	0.296467	2.992395e-01	6.992865e+01	-1.005606e+00	5.179297e-02	7.007093e-01
15	0.49852	3.003397e-01	6.999206e+01	-1.020741e+00	6.794734e-02	6.996092e-01
1	1.16529	3.077662e-01	6.947635e+01	-9.458891e-01	-2.036054e-01	6.921820e-01
1	1.50659	2.991532e-01	6.969418e+01	-9.440030e-01	-1.061138e-01	7.007953e-01
3	1.62091	3.004914e-01	7.009601e+01	-9.930457e-01	-8.707134e-02	6.994576e-01
1	1.70762	3.098472e-01	6.948645e+01	-9.225841e-01	-3.483998e-01	6.901010e-01
1	0.664625	3.049384e-01	6.970129e+01	-9.453311e-01	-2.225392e-01	6.950101e-01
7	0.609985	3.023241e-01	6.983741e+01	-9.637246e-01	-1.247650e-01	6.976246e-01
3	0.337842	2.983881e-01	7.004131e+01	-9.898535e-01	-1.487774e-02	7.015609e-01
5	0.516185	3.014806e-01	6.972554e+01	-9.637324e-01	-9.280756e-02	6.984679e-01
3	1.28519	3.010678e-01	6.998482e+01	-1.015698e+00	2.338630e-02	6.988811e-01
4	1.00852	2.959811e-01	7.030546e+01	-1.053530e+00	1.764995e-01	7.039683e-01
1	1.23975	2.959992e-01	7.019295e+01	-1.036853e+00	1.731546e-01	7.039500e-01
1	1.44503	3.018838e-01	7.014506e+01	-1.014655e+00	-8.889225e-03	6.980653e-01
3	1.66051	3.045701e-01	6.981980e+01	-9.891221e-01	-6.014409e-02	6.953785e-01
2	1.00568	3.055872e-01	6.964351e+01	-9.780602e-01	-8.780621e-02	6.943612e-01
2	1.28127	3.055613e-01	6.997988e+01	-9.906620e-01	-1.421820e-01	6.943876e-01
2	2.08536	2.928935e-01	7.066178e+01	-1.070198e+00	2.256012e-01	7.070564e-01
6	1.90712	2.928072e-01	7.032240e+01	-1.018597e+00	1.273638e-01	7.071422e-01
1	1.60346	3.048954e-01	6.982745e+01	-9.386683e-01	-2.884981e-01	6.950532e-01
1	1.69938	2.983404e-01	7.037965e+01	-1.006478e+00	-5.799186e-02	7.016091e-01
3	2.93288	3.008956e-01	6.988860e+01	-9.387374e-01	-2.346689e-01	6.990531e-01
2	2.26995	3.044771e-01	6.998562e+01	-9.585603e-01	-2.668086e-01	6.954718e-01
2	1.63726	3.019368e-01	7.023041e+01	-1.014727e+00	-7.260468e-02	6.980125e-01
1	1.11591	2.978082e-01	7.031136e+01	-1.043626e+00	9.909992e-02	7.021412e-01
4	1.3701	2.938327e-01	7.053223e+01	-1.086152e+00	2.866052e-01	7.061170e-01
1	2.01748	2.914484e-01	7.079404e+01	-1.102796e+00	3.127304e-01	7.085017e-01
1	1.74367	2.903020e-01	7.068326e+01	-1.087123e+00	3.147482e-01	7.096480e-01
7	1.36071	2.930276e-01	7.059674e+01	-1.074419e+00	2.495200e-01	7.069222e-01
1	0.425287	2.972033e-01	7.009351e+01	-1.023944e+00	1.223243e-01	7.027458e-01
13	0.328804	2.983861e-01	7.005542e+01	-1.022549e+00	9.404176e-02	7.015629e-01
6	0.139749	3.007840e-01	6.984279e+01	-9.886876e-01	-1.366331e-02	6.991647e-01
1	0.73223	3.018531e-01	6.998309e+01	-9.991868e-01	-5.076319e-02	6.980958e-01
1	0.49543	3.029491e-01	6.988390e+01	-9.831578e-01	-9.999614e-02	6.969996e-01
2	0.66873	3.002561e-01	7.009460e+01	-1.003502e+00	-3.440751e-02	6.996929e-01
2	0.948205	2.980384e-01	6.982320e+01	-9.948929e-01	6.147898e-02	7.019102e-01
5	2.14478	2.966495e-01	6.969233e+01	-9.837793e-01	9.067003e-02	7.032990e-01
4	1.28167	2.956753e-01	7.006349e+01	-9.970890e-01	6.697502e-02	7.042737e-01
5	0.457815	2.980253e-01	7.013775e+01	-1.015038e+00	4.376884e-02	7.019238e-01
13	0.388757	3.013207e-01	6.988809e+01	-9.747533e-01	-9.730026e-02	6.986281e-01
24	0.433576	3.006841e-01	7.010183e+01	-1.012037e+00	-9.267591e-03	6.992649e-01
6	0.93152	3.012380e-01	7.027079e+01	-1.020911e+00	-2.460783e-02	6.987113e-01
3	1.18016	2.981725e-01	7.034725e+01	-1.038672e+00	9.490228e-02	7.017770e-01
2	0.71659	2.967300e-01	7.020839e+01	-1.003445e+00	1.272841e-02	7.032192e-01
7	1.09498	3.023076e-01	6.997826e+01	-9.659458e-01	-1.613793e-01	6.976413e-01
3	1.41553	3.015144e-01	7.010223e+01	-1.039091e+00	7.427681e-02	6.984347e-01
1	0.32664	2.986686e-01	7.006216e+01	-1.014210e+00	5.172144e-02	7.012805e-01
1	0.399709	2.999515e-01	6.997540e+01	-9.810727e-01	-6.991096e-02	6.999974e-01
5	1.68779	3.087496e-01	6.953399e+01	-9.159131e-01	-3.592930e-01	6.911986e-01
6	0.691255	3.019669e-01	6.976528e+01	-9.672714e-01	-1.059875e-01	6.979817e-01
2	0.430762	3.029862e-01	6.962152e+01	-9.572240e-01	-1.088937e-01	6.969621e-01
5	0.184409	2.971260e-01	7.014072e+01	-1.018611e+00	8.141074e-02	7.028231e-01
9	0.409327	2.999481e-01	7.019818e+01	-1.033386e+00	6.517285e-02	7.000012e-01
2	1.55057	3.031593e-01	7.009377e+01	-1.004496e+00	-5.965080e-02	6.967897e-01
6	1.09672	3.070732e-01	6.972976e+01	-9.715175e-01	-1.733107e-01	6.928753e-01
2	0.905365	3.067488e-01	6.956057e+01	-9.530108e-01	-1.775515e-01	6.931994e-01
1	1.6262	3.048446e-01	6.931736e+01	-9.122022e-01	-2.284682e-01	6.951033e-01
1	2.02612	3.079077e-01	6.916217e+01	-9.057009e-01	-2.647624e-01	6.920400e-01
2	2.33316	3.077321e-01	6.912586e+01	-9.065293e-01	-2.486021e-01	6.922156e-01
1	1.78397	3.089138e-01	6.922660e+01	-9.105299e-01	-2.887918e-01	6.910340e-01
4	2.33666	3.082176e-01	6.930502e+01	-9.182594e-01	-2.851836e-01	6.917303e-01
2	1.60527	3.072491e-01	6.975983e+01	-9.591655e-01	-2.497132e-01	6.926995e-01
3	0.947645	2.989839e-01	7.041402e+01	-1.046289e+00	6.534039e-02	7.009656e-01
1	1.58225	2.994954e-01	7.009310e+01	-1.051298e+00	1.749150e-01	7.004537e-01
1	1.47253	2.998853e-01	6.994818e+01	-1.020541e+00	1.089681e-01	7.000635e-01
11	1.08605	2.966841e-01	7.015746e+01	-1.018059e+00	1.028658e-01	7.032650e-01
3	1.77901	2.948267e-01	6.995846e+01	-9.991533e-01	1.168750e-01	7.051222e-01
2	1.18288	2.984825e-01	6.993815e+01	-9.938699e-01	7.128278e-03	7.014663e-01
8	1.23944	2.921722e-01	7.042330e+01	-1.040398e+00	1.781536e-01	7.077773e-01
1	2.38331	2.915754e-01	7.027977e+01	-1.015305e+00	1.468678e-01	7.083740e-01
1	1.16173	2.951627e-01	7.001522e+01	-9.993268e-01	7.850110e-02	7.047863e-01
1	1.37239	3.013681e-01	6.985668e+01	-9.559583e-01	-1.666098e-01	6.985806e-01
1	2.0412	3.097180e-01	6.966084e+01	-9.403002e-01	-3.326095e-01	6.902305e-01
2	2.56549	3.115727e-01	6.945801e+01	-9.362690e-01	-3.270976e-01	6.883754e-01
1	2.1821	3.059637e-01	6.938528e+01	-9.547948e-01	-1.179699e-01	6.939843e-01
1	2.2628	3.016373e-01	6.984463e+01	-1.029608e+00	1.157584e-01	6.983114e-01
4	3.77474	3.074575e-01	6.966085e+01	-9.983262e-01	-7.705510e-02	6.924909e-01
4	3.29318	3.063131e-01	6.954050e+01	-9.600884e-01	-1.703930e-01	6.936351e-01
2	1.82659	3.051482e-01	6.951052e+01	-9.637138e-01	-1.094726e-01	6.948000e-01
2	1.71593	2.973146e-01	6.984362e+01	-1.005882e+00	1.033107e-01	7.026341e-01
1	0.247242	3.018595e-01	6.990112e+01	-1.001266e+00	-5.382906e-03	6.980893e-01
1	1.25534	3.001595e-01	6.988399e+01	-9.682233e-01	-7.082963e-02	6.997892e-01
1	0.863965	3.070713e-01	6.954220e+01	-9.463186e-01	-2.084976e-01	6.928770e-01
4	1.17535	3.002117e-01	6.971409e+01	-9.810293e-01	2.053861e-02	6.997368e-01
3	0.694395	3.052819e-01	6.965289e+01	-9.680948e-01	-1.172014e-01	6.946665e-01
1	1.71508	3.054849e-01	6.959102e+01	-9.631946e-01	-1.464393e-01	6.944634e-01
4	3.0095	3.061045e-01	6.922589e+01	-9.448911e-01	-9.160869e-02	6.938433e-01
2	1.35432	3.002543e-01	6.963328e+01	-9.748235e-01	-3.253335e-03	6.996941e-01
2	0.135628	2.996550e-01	6.993898e+01	-9.843938e-01	-3.440601e-02	7.002938e-01
2	0.213054	2.979805e-01	6.998205e+01	-1.002679e+00	5.304625e-02	7.019684e-01
4	0.70499	2.944637e-01	7.032423e+01	-1.043761e+00	1.691842e-01	7.054857e-01
3	0.812835	2.998185e-01	7.017300e+01	-1.027639e+00	4.166696e-02	7.001307e-01
15	0.42138	3.013987e-01	6.996814e+01	-9.790862e-01	-1.054116e-01	6.985502e-01
7	0.451953	3.036454e-01	6.987967e+01	-9.688363e-01	-1.591195e-01	6.963033e-01
17	1.04371	2.977659e-01	7.010082e+01	-9.823346e-01	-5.549177e-02	7.021831e-01
3	0.63693	3.006824e-01	7.011210e+01	-9.877102e-01	-9.516378e-02	6.992667e-01
4	0.138823	2.990244e-01	7.007504e+01	-1.020650e+00	7.407324e-02	7.009247e-01
3	1.23155	2.989357e-01	6.990163e+01	-1.018810e+00	1.267898e-01	7.010131e-01
6	0.81294	3.044484e-01	6.961387e+01	-9.590354e-01	-1.397641e-01	6.955000e-01
2	1.2994	3.065916e-01	6.953212e+01	-9.252380e-01	-2.894089e-01	6.933567e-01
5	2.60221	3.122015e-01	6.925988e+01	-8.887964e-01	-4.516557e-01	6.877463e-01
2	1.65987	3.058946e-01	6.954358e+01	-9.409451e-01	-1.856979e-01	6.940536e-01
1	1.75002	2.998327e-01	6.966116e+01	-9.495265e-01	-7.148647e-02	7.001158e-01
2	1.50394	3.074504e-01	6.935767e+01	-9.067342e-01	-3.185765e-01	6.924976e-01
13	1.28151	3.007163e-01	6.969786e+01	-9.515744e-01	-1.204755e-01	6.992322e-01
1	0.8236	3.008758e-01	6.980079e+01	-9.712841e-01	-8.079913e-02	6.990728e-01
1	0.88415	3.016066e-01	6.989283e+01	-9.729166e-01	-1.183327e-01	6.983422e-01
3	0.78454	2.971337e-01	7.024559e+01	-1.019765e+00	7.231109e-02	7.028156e-01
11	0.78903	2.987088e-01	7.021141e+01	-1.002904e+00	-3.500771e-02	7.012405e-01
1	0.82491	2.934079e-01	7.047233e+01	-1.055958e+00	1.967195e-01	7.065417e-01
2	2.18171	2.892764e-01	7.056349e+01	-1.058461e+00	2.592445e-01	7.106734e-01
5	2.52149	2.952806e-01	7.053724e+01	-1.021219e+00	8.909136e-03	7.046691e-01
1	2.45689	3.029943e-01	7.026970e+01	-9.909860e-01	-1.823564e-01	6.969551e-01
3	2.00149	3.029313e-01	7.022018e+01	-9.915479e-01	-1.561788e-01	6.970180e-01
1	1.61037	2.936482e-01	7.062139e+01	-1.048436e+00	1.258622e-01	7.063016e-01
4	0.81368	3.028797e-01	7.002861e+01	-1.009655e+00	-4.238257e-02	6.970692e-01
6	0.454396	2.989455e-01	7.014602e+01	-1.023245e+00	7.554489e-02	7.010036e-01
3	0.79028	2.968292e-01	7.037634e+01	-1.032014e+00	8.253899e-02	7.031203e-01
1	1.60086	2.993509e-01	7.035303e+01	-1.021176e+00	-2.939977e-02	7.005985e-01
4	0.87925	2.997064e-01	7.025976e+01	-1.009169e+00	-2.929905e-02	7.002429e-01
2	0.74625	3.023965e-01	6.995244e+01	-9.788920e-01	-1.016137e-01	6.975524e-01
9	0.847185	3.054982e-01	6.955177e+01	-9.297406e-01	-2.383155e-01	6.944500e-01
1	3.33769	3.123353e-01	6.907716e+01	-8.752134e-01	-4.322854e-01	6.876123e-01
5	3.12153	3.024111e-01	6.977724e+01	-9.515848e-01	-1.339207e-01	6.975375e-01
2	3.5382	3.075993e-01	6.941732e+01	-8.908334e-01	-3.718193e-01	6.923488e-01
1	4.3934	3.096700e-01	6.891404e+01	-8.450932e-01	-4.404895e-01	6.902773e-01
1	2.65039	3.082172e-01	6.937441e+01	-8.891823e-01	-3.866854e-01	6.917308e-01
1	1.10037	3.065158e-01	6.966367e+01	-9.717185e-01	-1.314658e-01	6.934326e-01
1	0.530285	3.005988e-01	7.006680e+01	-1.027206e+00	7.404270e-02	6.993502e-01
2	1.67412	3.075236e-01	6.972453e+01	-9.608916e-01	-2.078423e-01	6.924250e-01
2	2.21471	3.071669e-01	6.951146e+01	-9.254480e-01	-2.599266e-01	6.927813e-01
2	1.6343	2.997245e-01	7.023419e+01	-1.023620e+00	4.599298e-02	7.002248e-01
2	1.23677	2.992515e-01	6.989230e+01	-9.698003e-01	-5.087576e-02	7.006973e-01
4	0.567485	3.042930e-01	6.978390e+01	-9.556235e-01	-1.956078e-01	6.956556e-01
2	1.02659	2.989438e-01	7.036287e+01	-1.025028e+00	-1.911262e-03	7.010056e-01
1	1.00192	3.000128e-01	6.998987e+01	-1.009365e+00	1.997048e-02	6.999362e-01
3	1.31706	3.013408e-01	6.994025e+01	-1.017058e+00	3.835808e-02	6.986081e-01
2	1.12206	2.960942e-01	7.029929e+01	-1.061432e+00	2.239946e-01	7.038551e-01
4	0.66441	3.007999e-01	6.965647e+01	-9.566849e-01	-7.895727e-02	6.991485e-01
3	0.56823	2.971122e-01	7.016464e+01	-1.022076e+00	7.948076e-02	7.028369e-01
1	0.211963	2.984121e-01	6.996187e+01	-1.004464e+00	5.984508e-02	7.015368e-01
5	0.919885	2.996679e-01	7.016626e+01	-1.022615e+00	5.813789e-02	7.002813e-01
1	1.06376	2.924653e-01	7.047627e+01	-1.049007e+00	1.920015e-01	7.074844e-01
6	0.945885	2.976930e-01	7.004315e+01	-9.850627e-01	-1.182674e-02	7.022560e-01
8	1.69191	2.935372e-01	7.018979e+01	-1.000871e+00	7.167647e-02	7.064120e-01
2	0.91855	2.953152e-01	7.034737e+01	-1.029112e+00	1.110859e-01	7.046343e-01
5	1.69476	2.964955e-01	7.053415e+01	-1.035734e+00	5.666703e-02	7.034542e-01
1	1.16624	2.996235e-01	7.040021e+01	-1.027905e+00	-6.582149e-03	7.003260e-01
1	1.28694	2.978021e-01	7.050602e+01	-1.048271e+00	8.403936e-02	7.021475e-01
3	2.4488	2.966595e-01	7.061384e+01	-1.038587e+00	4.154665e-02	7.032904e-01
3	1.95278	2.930297e-01	7.082690e+01	-1.096792e+00	2.563161e-01	7.069204e-01
4	1.66684	2.952793e-01	7.029659e+01	-1.000746e+00	5.982880e-03	7.046700e-01
2	1.39939	2.978634e-01	7.050085e+01	-1.054819e+00	1.117657e-01	7.020862e-01
7	0.978355	2.963192e-01	7.053852e+01	-1.067230e+00	1.699955e-01	7.036305e-01
2	1.59915	2.994368e-01	7.048314e+01	-1.066254e+00	1.118921e-01	7.005129e-01
5	0.53644	3.010332e-01	6.971933e+01	-9.817050e-01	-1.073376e-02	6.989153e-01
4	0.339743	2.972587e-01	7.008027e+01	-1.019604e+00	9.695391e-02	7.026903e-01
8	0.62327	3.030321e-01	6.996190e+01	-1.003514e+00	-4.636980e-02	6.969168e-01
22	0.727805	2.980121e-01	7.022172e+01	-1.044838e+00	1.498071e-01	7.019371e-01
5	0.533915	3.005889e-01	6.986766e+01	-1.007943e+00	5.579098e-02	6.993598e-01
1	0.357613	2.976046e-01	7.021419e+01	-1.029678e+00	1.035963e-01	7.023446e-01
5	0.52934	2.966150e-01	7.029350e+01	-1.018024e+00	4.691093e-02	7.033343e-01
2	1.04726	3.037379e-01	7.008171e+01	-9.934374e-01	-1.236672e-01	6.962112e-01
1	1.50404	3.044844e-01	6.997449e+01	-1.019702e+00	-1.521556e-02	6.954645e-01
1	1.6799	3.040862e-01	6.950607e+01	-9.637414e-01	-5.714028e-02	6.958620e-01
9	0.83625	2.991556e-01	7.036658e+01	-1.052352e+00	1.038120e-01	7.007939e-01
4	0.8018	3.015799e-01	6.988697e+01	-1.014650e+00	5.295788e-02	6.983688e-01
1	0.822535	2.982140e-01	6.994433e+01	-9.923712e-01	9.295137e-03	7.017348e-01
2	0.57419	3.044847e-01	6.967142e+01	-9.742835e-01	-8.673371e-02	6.954638e-01
2	0.318528	2.993663e-01	7.012789e+01	-1.030494e+00	8.595867e-02	7.005828e-01
8	0.47677	2.960850e-01	7.039837e+01	-1.051818e+00	1.561245e-01	7.038645e-01
14	0.144408	2.991722e-01	7.012280e+01	-1.017979e+00	5.274985e-02	7.007769e-01
8	0.199132	2.987139e-01	6.998278e+01	-1.010687e+00	6.994873e-02	7.012350e-01
10	0.414761	2.974559e-01	7.012169e+01	-1.028419e+00	1.262544e-01	7.024932e-01
4	0.62928	3.047151e-01	6.970073e+01	-9.540100e-01	-1.711165e-01	6.952334e-01
1	0.52643	3.013219e-01	6.986165e+01	-1.000176e+00	2.355108e-02	6.986269e-01
1	1.08891	3.055262e-01	6.959565e+01	-9.690349e-01	-1.159422e-01	6.944222e-01
12	0.76612	3.014456e-01	6.983235e+01	-1.004753e+00	3.055073e-02	6.985031e-01
2	0.74777	2.999382e-01	7.019890e+01	-1.003131e+00	-5.555952e-02	7.000111e-01
2	1.36692	3.028310e-01	7.013182e+01	-9.830321e-01	-1.657304e-01	6.971181e-01
2	2.17664	3.015187e-01	7.040313e+01	-1.030440e+00	-5.404691e-02	6.984309e-01
6	1.94202	3.104552e-01	6.947188e+01	-9.326370e-01	-3.192956e-01	6.894929e-01
2	2.00014	3.041323e-01	7.015200e+01	-9.835245e-01	-2.045574e-01	6.958168e-01
1	1.23775	3.026871e-01	7.022105e+01	-1.008858e+00	-8.983500e-02	6.972621e-01
4	1.17218	2.977398e-01	7.051016e+01	-1.044213e+00	6.179200e-02	7.022099e-01
1	1.56802	3.014939e-01	7.015135e+01	-9.782409e-01	-1.561758e-01	6.984552e-01
5	2.1594	2.934607e-01	7.053635e+01	-1.061999e+00	1.840977e-01	7.064890e-01
14	0.608885	3.043280e-01	6.977161e+01	-9.727058e-01	-1.332241e-01	6.956206e-01
6	0.399117	3.012091e-01	7.002300e+01	-9.821589e-01	-1.008666e-01	6.987399e-01
1	0.465267	3.044106e-01	6.961247e+01	-9.470311e-01	-1.714938e-01	6.955378e-01
5	0.750485	3.017154e-01	6.991999e+01	-1.009826e+00	1.513079e-02	6.982334e-01
8	0.494762	3.033152e-01	6.963900e+01	-9.459617e-01	-1.602346e-01	6.966332e-01
9	0.393298	2.996258e-01	7.001973e+01	-1.022062e+00	7.938963e-02	7.003232e-01
2	0.474971	2.997540e-01	6.985740e+01	-1.000068e+00	5.165458e-02	7.001947e-01
3	0.658075	3.024672e-01	6.976118e+01	-9.951440e-01	4.123354e-03	6.974813e-01
2	2.0583	2.927567e-01	7.048504e+01	-1.078544e+00	3.028593e-01	7.071929e-01
4	1.08982	3.032020e-01	6.956044e+01	-9.710506e-01	-3.750171e-02	6.967462e-01
1	0.96815	2.979194e-01	7.042456e+01	-1.048185e+00	1.067513e-01	7.020301e-01
13	0.85687	3.034877e-01	6.954937e+01	-9.448014e-01	-1.337878e-01	6.964606e-01
7	0.78625	2.997490e-01	6.975797e+01	-9.775070e-01	1.197165e-03	7.001996e-01
4	1.16314	2.986723e-01	7.007161e+01	-9.891718e-01	-1.855810e-02	7.012767e-01
2	2.18255	2.983637e-01	6.998610e+01	-1.012174e+00	1.046324e-01	7.015852e-01
5	0.637055	2.989052e-01	6.983416e+01	-9.977617e-01	6.452146e-02	7.010434e-01
2	1.30008	3.000213e-01	6.958366e+01	-9.493707e-01	-7.273655e-02	6.999271e-01
10	1.87885	3.023798e-01	6.952996e+01	-9.674044e-01	-4.614747e-02	6.975685e-01
5	1.80095	3.052117e-01	6.967287e+01	-9.923605e-01	-4.728731e-02	6.947367e-01
1	1.83941	2.971528e-01	7.007465e+01	-1.052819e+00	2.254760e-01	7.027963e-01
3	1.48676	2.996856e-01	6.973720e+01	-9.886847e-01	2.445080e-02	7.002629e-01
24	0.475289	3.022615e-01	6.979617e+01	-9.597427e-01	-1.291764e-01	6.976872e-01
2	1.54023	3.056313e-01	6.957869e+01	-9.515856e-01	-1.511600e-01	6.943170e-01
7	1.7492	3.013326e-01	7.031586e+01	-1.027068e+00	-6.279065e-03	6.986168e-01
6	1.66684	3.010072e-01	7.041837e+01	-1.049757e+00	4.267892e-02	6.989423e-01
2	1.30172	3.014419e-01	7.008338e+01	-9.722098e-01	-1.653424e-01	6.985072e-01
1	1.96135	3.031492e-01	6.949121e+01	-9.385045e-01	-1.618554e-01	6.967990e-01
2	1.86309	3.025924e-01	6.973811e+01	-9.337764e-01	-2.398010e-01	6.973562e-01
2	2.10171	3.023674e-01	6.978099e+01	-9.487685e-01	-1.992040e-01	6.975812e-01
3	1.94478	2.913169e-01	7.037838e+01	-1.034115e+00	1.761497e-01	7.086326e-01
2	0.409174	2.965609e-01	7.027506e+01	-1.020793e+00	6.241084e-02	7.033884e-01
14	0.7736	3.018315e-01	6.958543e+01	-9.629148e-01	-5.298570e-02	6.981169e-01
7	1.56776	3.000568e-01	6.990361e+01	-9.487559e-01	-1.659052e-01	6.998920e-01
2	2.04156	3.050000e-01	6.953023e+01	-9.037155e-01	-3.316423e-01	6.949482e-01
7	0.819715	3.000697e-01	6.978679e+01	-9.770113e-01	-1.210683e-02	6.998789e-01
18	1.18945	2.977308e-01	7.029375e+01	-1.038478e+00	1.198608e-01	7.022185e-01
4	1.09312	2.962195e-01	7.044480e+01	-1.035507e+00	6.822872e-02	7.037301e-01
3	1.35254	2.935464e-01	7.038524e+01	-1.037942e+00	1.433332e-01	7.064031e-01
3	1.43415	2.947852e-01	6.998175e+01	-9.901874e-01	6.584486e-02	7.051637e-01
6	1.11025	2.967997e-01	7.034072e+01	-1.030585e+00	6.310201e-02	7.031497e-01
3	1.30663	3.011401e-01	7.002470e+01	-9.831257e-01	-1.135062e-01	6.988089e-01
2	1.39027	2.918148e-01	7.045733e+01	-1.061728e+00	2.463333e-01	7.081348e-01
2	1.25747	2.975691e-01	7.045491e+01	-1.061912e+00	1.341682e-01	7.023805e-01
2	1.68142	2.955548e-01	7.069157e+01	-1.077659e+00	1.695497e-01	7.043951e-01
4	1.07956	2.987830e-01	7.036597e+01	-1.033802e+00	2.989016e-02	7.011664e-01
4	0.167877	3.021582e-01	6.981373e+01	-9.703688e-01	-1.022342e-01	6.977905e-01
1	1.32543	3.017166e-01	6.957904e+01	-9.316670e-01	-1.728041e-01	6.982317e-01
7	1.26096	3.031175e-01	6.996495e+01	-9.690641e-01	-1.578274e-01	6.968314e-01
3	1.87759	3.074173e-01	6.940724e+01	-9.447487e-01	-1.942012e-01	6.925308e-01
4	1.31974	3.031848e-01	6.980141e+01	-9.696650e-01	-1.404216e-01	6.967638e-01
2	1.333	3.073629e-01	6.950407e+01	-9.156531e-01	-3.180482e-01	6.925853e-01
1	1.77506	3.081157e-01	6.946250e+01	-9.582355e-01	-1.646737e-01	6.918324e-01
1	2.17073	3.077802e-01	6.969966e+01	-9.837750e-01	-1.438403e-01	6.921683e-01
4	1.64501	3.049503e-01	6.968412e+01	-9.674757e-01	-1.499464e-01	6.949982e-01
4	1.97727	3.056632e-01	6.953504e+01	-9.127924e-01	-3.221466e-01	6.942851e-01
2	1.85122	3.081959e-01	6.957101e+01	-9.191381e-01	-3.620079e-01	6.917524e-01
3	2.60571	3.013581e-01	6.963205e+01	-1.006050e+00	9.808970e-02	6.985902e-01
6	1.48531	2.957698e-01	7.008685e+01	-1.045970e+00	2.216868e-01	7.041793e-01
1	2.62358	3.075821e-01	6.916953e+01	-9.007044e-01	-2.930003e-01	6.923656e-01
1	1.18715	3.056573e-01	6.992003e+01	-9.700805e-01	-2.061148e-01	6.942916e-01
4	1.24025	3.034196e-01	6.975484e+01	-9.362330e-01	-2.440218e-01	6.965290e-01
1	0.824055	3.007487e-01	6.989388e+01	-9.761147e-01	-8.849009e-02	6.992001e-01
8	0.5799	3.023628e-01	6.979487e+01	-9.726127e-01	-1.022391e-01	6.975858e-01
2	0.64477	3.025241e-01	6.961834e+01	-9.434727e-01	-1.518053e-01	6.974243e-01
1	0.318786	3.030294e-01	6.971783e+01	-9.669620e-01	-1.068208e-01	6.969191e-01
1	1.46842	3.061178e-01	6.934185e+01	-9.053953e-01	-2.849702e-01	6.938302e-01
1	0.710415	3.015004e-01	6.986776e+01	-9.578842e-01	-1.542324e-01	6.984484e-01
2	1.21309	3.047711e-01	6.954409e+01	-9.325970e-01	-2.003033e-01	6.951771e-01
3	1.28842	2.923069e-01	7.038739e+01	-1.036228e+00	1.763390e-01	7.076425e-01
1	1.63952	2.998863e-01	6.964394e+01	-9.406015e-01	-1.062108e-01	7.000621e-01
7	0.664985	2.997194e-01	6.993036e+01	-1.002142e+00	4.668991e-02	7.002295e-01
4	0.463195	3.004310e-01	7.005366e+01	-1.017173e+00	4.938277e-02	6.995180e-01
16	0.427637	2.973838e-01	7.032489e+01	-1.029791e+00	7.337376e-02	7.025656e-01
4	0.910765	2.939535e-01	7.027893e+01	-1.020912e+00	1.170507e-01	7.059958e-01
1	0.366962	2.978891e-01	7.008748e+01	-1.015512e+00	8.277296e-02	7.020600e-01
6	1.27278	3.045740e-01	6.959988e+01	-9.819616e-01	-4.026449e-02	6.953743e-01
1	2.09416	3.042582e-01	6.957630e+01	-9.904839e-01	1.052292e-02	6.956901e-01
2	1.73165	3.048986e-01	6.975177e+01	-1.001669e+00	-8.671771e-03	6.950499e-01
1	1.92922	3.018591e-01	7.000608e+01	-1.025775e+00	7.627108e-02	6.980898e-01
2	1.84441	3.068710e-01	6.962927e+01	-9.406423e-01	-2.352959e-01	6.930774e-01
6	0.58192	3.021200e-01	6.963923e+01	-9.489261e-01	-1.301992e-01	6.978284e-01
1	1.70863	3.040285e-01	6.931339e+01	-9.216089e-01	-1.666764e-01	6.959194e-01
3	1.01936	3.036884e-01	6.962648e+01	-9.622766e-01	-1.190470e-01	6.962599e-01
4	1.69742	2.945235e-01	7.009679e+01	-1.044429e+00	2.391862e-01	7.054256e-01
1	1.23937	2.962492e-01	7.032229e+01	-1.063583e+00	2.045983e-01	7.037002e-01
1	0.96414	3.000342e-01	7.005950e+01	-1.032716e+00	9.304527e-02	6.999149e-01
10	1.44352	3.062443e-01	6.974582e+01	-9.796869e-01	-1.429593e-01	6.937043e-01
3	0.58101	3.055004e-01	6.970858e+01	-9.525152e-01	-2.047461e-01	6.944481e-01
4	1.56498	3.016011e-01	6.966419e+01	-9.757137e-01	-6.635089e-03	6.983473e-01
1	2.31521	2.950573e-01	7.006458e+01	-1.040642e+00	2.354440e-01	7.048917e-01
1	1.16679	2.967629e-01	6.994355e+01	-1.000556e+00	9.237850e-02	7.031860e-01
5	0.87167	3.062307e-01	6.964377e+01	-9.542533e-01	-1.839845e-01	6.937177e-01
2	1.56754	3.011804e-01	7.015884e+01	-1.035968e+00	4.599255e-02	6.987688e-01
6	1.41054	3.005023e-01	7.021043e+01	-1.005608e+00	-7.051938e-02	6.994469e-01
2	1.33848	3.058155e-01	6.992389e+01	-9.703734e-01	-2.213263e-01	6.941333e-01
4	0.932825	3.046216e-01	7.000731e+01	-9.962957e-01	-1.146840e-01	6.953274e-01
1	1.33464	3.008221e-01	7.012346e+01	-9.844275e-01	-9.987364e-02	6.991270e-01
3	1.81001	2.971512e-01	7.050442e+01	-1.033053e+00	4.502375e-02	7.027985e-01
5	1.41202	2.960533e-01	7.060523e+01	-1.052025e+00	9.558499e-02	7.038965e-01
9	2.33173	2.999279e-01	7.054369e+01	-1.054344e+00	2.909819e-02	7.000218e-01
7	2.26085	2.948009e-01	7.082756e+01	-1.089065e+00	1.920083e-01	7.051492e-01
2	0.69348	2.992983e-01	7.016526e+01	-1.043457e+00	1.284231e-01	7.006509e-01
5	0.72579	2.989604e-01	7.015711e+01	-1.042100e+00	1.246603e-01	7.009887e-01
2	0.83864	2.998426e-01	6.974841e+01	-9.937087e-01	5.185606e-02	7.001059e-01
10	0.54853	2.982615e-01	7.014862e+01	-1.022905e+00	6.399388e-02	7.016876e-01
20	0.606825	2.999671e-01	7.009852e+01	-9.873935e-01	-8.150789e-02	6.999820e-01
2	1.03361	2.994178e-01	7.001375e+01	-9.689880e-01	-1.049593e-01	7.005312e-01
3	0.917215	2.960960e-01	7.020971e+01	-1.026738e+00	1.288694e-01	7.038532e-01
1	0.90557	2.948747e-01	7.020239e+01	-1.044396e+00	2.077954e-01	7.050746e-01
2	0.442373	3.024219e-01	6.995415e+01	-1.006466e+00	-5.642045e-03	6.975269e-01
11	0.431725	2.997020e-01	7.014971e+01	-1.031295e+00	8.438887e-02	7.002472e-01
3	0.352302	3.021765e-01	6.978274e+01	-9.787498e-01	-6.734657e-02	6.977722e-01
1	0.311752	3.024281e-01	6.989600e+01	-9.860539e-01	-7.937880e-02	6.975207e-01
12	0.349051	3.020359e-01	6.970722e+01	-9.752746e-01	-4.499371e-02	6.979126e-01
1	0.667645	3.003585e-01	6.970544e+01	-9.559265e-01	-8.561732e-02	6.995900e-01
3	0.876605	3.001946e-01	6.984677e+01	-1.004326e+00	4.564138e-02	6.997541e-01
3	0.566015	2.969666e-01	7.005452e+01	-1.022257e+00	1.310212e-01	7.029824e-01
6	0.732785	3.027532e-01	6.959232e+01	-9.636072e-01	-7.657226e-02	6.971951e-01
7	1.23888	2.987327e-01	6.970971e+01	-9.541508e-01	-6.368799e-02	7.012158e-01
2	1.76522	2.979593e-01	7.011729e+01	-1.015742e+00	4.118103e-02	7.019898e-01
2	1.62675	3.025649e-01	7.027040e+01	-1.027691e+00	-4.294691e-02	6.973844e-01
2	4.13169	3.055357e-01	7.036006e+01	-1.047738e+00	-5.109445e-02	6.944137e-01
2	2.71916	3.073740e-01	7.006174e+01	-9.966563e-01	-1.918663e-01	6.925750e-01
1	3.00185	2.952547e-01	7.063513e+01	-1.109110e+00	2.995225e-01	7.046952e-01
1	1.74442	2.997275e-01	7.044429e+01	-1.070519e+00	1.343959e-01	7.002220e-01
3	1.78263	2.994161e-01	7.042757e+01	-1.066051e+00	1.199902e-01	7.005334e-01
2	1.41168	3.009198e-01	7.039108e+01	-1.045642e+00	3.409302e-02	6.990297e-01
5	1.01127	2.947919e-01	7.039889e+01	-1.053030e+00	1.714312e-01	7.051576e-01
6	0.329705	2.956744e-01	7.026807e+01	-1.036284e+00	1.415410e-01	7.042750e-01
4	0.125484	2.982664e-01	7.011826e+01	-1.019544e+00	7.647628e-02	7.016827e-01
14	0.183032	3.006361e-01	7.006942e+01	-1.011499e+00	1.465267e-02	6.993129e-01
5	0.396516	2.992522e-01	7.016666e+01	-1.027500e+00	7.689964e-02	7.006970e-01
11	2.05512	2.987329e-01	7.022434e+01	-1.070072e+00	2.214188e-01	7.012163e-01
1	1.01341	2.990745e-01	7.006466e+01	-1.040555e+00	1.514509e-01	7.008745e-01
3	0.74685	2.968871e-01	7.009958e+01	-1.033985e+00	1.630015e-01	7.030619e-01
3	0.867445	2.962259e-01	7.038630e+01	-1.064186e+00	2.056643e-01	7.037236e-01
4	1.94091	2.903582e-01	7.069285e+01	-1.066880e+00	2.392698e-01	7.095917e-01
2	0.89511	2.946596e-01	7.052810e+01	-1.050662e+00	1.436453e-01	7.052901e-01
3	2.25151	2.944192e-01	7.082105e+01	-1.083600e+00	1.894947e-01	7.055309e-01
12	0.52664	2.965110e-01	7.027892e+01	-1.016194e+00	5.086812e-02	7.034383e-01
4	0.386147	3.018059e-01	6.996272e+01	-9.751817e-01	-1.202022e-01	6.981430e-01
7	0.68959	3.053643e-01	6.955400e+01	-9.412896e-01	-2.021292e-01	6.945840e-01
2	1.45266	3.070529e-01	6.929873e+01	-9.110967e-01	-2.716217e-01	6.928950e-01
1	1.70144	3.076514e-01	6.943268e+01	-9.007625e-01	-3.649305e-01	6.922967e-01
3	0.92106	3.042197e-01	6.990106e+01	-9.606180e-01	-2.112903e-01	6.957291e-01
7	0.694705	3.006626e-01	6.964678e+01	-9.640143e-01	-4.353706e-02	6.992858e-01
4	1.26785	2.954485e-01	7.013529e+01	-1.030914e+00	1.484724e-01	7.045006e-01
4	0.372233	2.971507e-01	7.016433e+01	-1.021880e+00	8.111624e-02	7.027985e-01
1	0.65565	2.943987e-01	7.043957e+01	-1.059582e+00	2.033751e-01	7.055509e-01
12	0.75354	3.015428e-01	7.018424e+01	-1.002762e+00	-7.942716e-02	6.984064e-01
11	0.267831	2.982882e-01	7.019531e+01	-1.017628e+00	3.599770e-02	7.016611e-01
1	0.392159	3.016936e-01	7.009867e+01	-9.996568e-01	-6.761561e-02	6.982555e-01
9	0.30049	3.004635e-01	7.009787e+01	-9.997154e-01	-3.363551e-02	6.994856e-01
1	0.942565	3.011085e-01	7.027391e+01	-1.030490e+00	1.561370e-02	6.988408e-01
2	1.08614	3.031866e-01	6.997228e+01	-1.015891e+00	-7.169470e-03	6.967623e-01
1	1.55619	2.931146e-01	7.028084e+01	-1.049480e+00	2.428714e-01	7.068347e-01
11	0.878865	2.973285e-01	7.008380e+01	-1.002067e+00	5.010500e-02	7.026206e-01
1	1.2465	3.053341e-01	6.970372e+01	-9.586653e-01	-1.589682e-01	6.946144e-01
1	1.27944	2.966911e-01	7.016940e+01	-9.920058e-01	-2.230561e-02	7.032581e-01
5	0.82301	3.009493e-01	7.011305e+01	-9.906760e-01	-9.919094e-02	6.989998e-01
5	1.21232	3.015302e-01	7.025667e+01	-1.009393e+00	-8.279939e-02	6.984190e-01
8	1.5878	3.030882e-01	6.994652e+01	-9.515380e-01	-2.285013e-01	6.968606e-01
4	1.59057	3.065559e-01	6.989893e+01	-9.617754e-01	-2.533265e-01	6.933929e-01
1	0.738255	2.992502e-01	7.010753e+01	-9.919537e-01	-5.774482e-02	7.006989e-01
1	0.173207	2.985708e-01	7.015306e+01	-1.028720e+00	9.085361e-02	7.013783e-01
3	0.4731	3.019406e-01	6.966845e+01	-9.714495e-01	-4.533487e-02	6.980078e-01
1	0.289347	2.986574e-01	7.002288e+01	-9.890722e-01	-1.742307e-02	7.012916e-01
2	0.81799	2.962416e-01	7.039829e+01	-1.056058e+00	1.761892e-01	7.037079e-01
14	0.81904	3.042506e-01	6.966892e+01	-9.428226e-01	-1.932741e-01	6.956979e-01
5	0.319128	3.039828e-01	6.975510e+01	-9.686636e-01	-1.211623e-01	6.959658e-01
5	1.21728	3.021324e-01	6.976238e+01	-9.946619e-01	2.141608e-02	6.978162e-01
3	0.85196	2.997819e-01	6.984776e+01	-9.729079e-01	-3.874407e-02	7.001668e-01
9	1.19936	3.044513e-01	6.945937e+01	-9.457279e-01	-1.219013e-01	6.954968e-01
3	1.35297	3.063248e-01	6.954792e+01	-9.565553e-01	-1.422694e-01	6.936235e-01
1	1.12113	2.982246e-01	7.007607e+01	-1.006017e+00	5.370867e-02	7.017244e-01
12	1.23354	3.039991e-01	6.946481e+01	-9.470370e-01	-1.095588e-01	6.959491e-01
4	1.42634	3.074220e-01	6.948213e+01	-9.154891e-01	-3.083760e-01	6.925262e-01
13	0.477041	3.040280e-01	6.979234e+01	-9.678483e-01	-1.498501e-01	6.959206e-01
1	0.624025	2.980634e-01	7.040127e+01	-1.047644e+00	9.937367e-02	7.018861e-01
9	0.861305	3.030735e-01	6.999378e+01	-9.737679e-01	-1.687332e-01	6.968754e-01
4	1.24168	2.998483e-01	7.032691e+01	-1.017677e+00	-4.002546e-02	7.001011e-01
9	0.487771	3.006155e-01	6.999631e+01	-1.017402e+00	6.082520e-02	6.993335e-01
1	0.970425	3.047615e-01	6.956854e+01	-9.366556e-01	-1.945974e-01	6.951868e-01
1	0.77151	3.021648e-01	6.994276e+01	-1.006013e+00	8.475440e-03	6.977840e-01
5	0.77078	3.004319e-01	6.980715e+01	-9.651422e-01	-9.378689e-02	6.995168e-01
5	1.18608	2.923250e-01	7.044439e+01	-1.044147e+00	1.812953e-01	7.076246e-01
1	1.39583	2.924067e-01	7.049772e+01	-1.051675e+00	2.059330e-01	7.075430e-01
4	0.53323	3.003938e-01	7.003220e+01	-9.789088e-01	-9.578467e-02	6.995552e-01
4	0.542735	3.017038e-01	7.001628e+01	-1.015262e+00	2.560314e-02	6.982451e-01
5	1.52771	2.974278e-01	7.004061e+01	-1.028442e+00	1.258343e-01	7.025211e-01
6	0.38919	2.956476e-01	7.030932e+01	-1.030383e+00	1.100949e-01	7.043017e-01
1	0.154575	3.012704e-01	6.986866e+01	-9.828048e-01	-4.496460e-02	6.986783e-01
4	0.0699615	2.995344e-01	7.005660e+01	-1.002012e+00	4.055409e-03	7.004146e-01
3	0.447091	3.026099e-01	6.992853e+01	-1.001641e+00	-3.278602e-02	6.973389e-01
2	1.25411	3.005105e-01	6.984103e+01	-1.006136e+00	4.412985e-02	6.994382e-01
4	1.86098	3.056885e-01	6.959628e+01	-9.738021e-01	-1.096442e-01	6.942598e-01
4	1.53969	3.023702e-01	7.006479e+01	-1.038657e+00	8.226000e-02	6.975788e-01
2	0.56442	3.030669e-01	6.990483e+01	-9.969521e-01	-5.505875e-02	6.968819e-01
3	0.930155	2.982318e-01	7.021646e+01	-1.031696e+00	7.399815e-02	7.017174e-01
3	0.56889	2.971463e-01	7.003762e+01	-1.006423e+00	7.802715e-02	7.028027e-01
1	0.711075	2.998374e-01	6.992945e+01	-9.659030e-01	-1.012321e-01	7.001114e-01
8	0.291169	3.012889e-01	6.992545e+01	-9.871876e-01	-4.238385e-02	6.986599e-01
3	1.25724	2.966125e-01	7.029596e+01	-1.015298e+00	5.318390e-02	7.033369e-01
3	0.20939	2.991976e-01	6.993322e+01	-1.003923e+00	4.704986e-02	7.007512e-01
5	0.174853	2.991051e-01	6.997025e+01	-1.009029e+00	6.028411e-02	7.008438e-01
21	0.679755	3.040386e-01	6.993643e+01	-9.843428e-01	-1.157534e-01	6.959103e-01
15	0.66292	3.026638e-01	6.987953e+01	-9.734267e-01	-1.055198e-01	6.972850e-01
1	0.86794	3.053321e-01	6.967755e+01	-9.417056e-01	-2.417115e-01	6.946164e-01
1	1.54414	3.075684e-01	6.940197e+01	-9.042802e-01	-3.431423e-01	6.923796e-01
1	1.92419	3.065098e-01	6.968204e+01	-9.187014e-01	-3.520898e-01	6.934387e-01
1	2.92593	3.105018e-01	6.923803e+01	-8.695158e-01	-4.918737e-01	6.894460e-01
1	2.84317	3.057911e-01	6.926908e+01	-8.781040e-01	-3.529425e-01	6.941567e-01
9	0.95565	3.045155e-01	6.945159e+01	-9.387166e-01	-1.521478e-01	6.954326e-01
18	0.5517	3.028947e-01	6.958792e+01	-9.556910e-01	-1.001023e-01	6.970537e-01
2	0.907845	3.051642e-01	6.990010e+01	-9.928236e-01	-9.983178e-02	6.947846e-01
1	0.64787	2.958901e-01	7.047395e+01	-1.057839e+00	1.602396e-01	7.040596e-01
2	0.290015	2.975353e-01	7.001495e+01	-1.008240e+00	7.794893e-02	7.024136e-01
3	2.01069	3.053762e-01	6.984192e+01	-1.001312e+00	-7.571383e-02	6.945725e-01
2	1.52462	3.022933e-01	6.983798e+01	-9.865981e-01	-7.085644e-02	6.976554e-01
4	0.913405	2.980091e-01	6.992000e+01	-1.017459e+00	1.203854e-01	7.019397e-01
4	1.69561	2.936412e-01	7.060662e+01	-1.095619e+00	3.065486e-01	7.063086e-01
18	1.31729	2.929674e-01	7.049651e+01	-1.045759e+00	1.735001e-01	7.069823e-01
1	2.1006	2.966367e-01	7.057849e+01	-1.050415e+00	1.026647e-01	7.033131e-01
12	1.18501	2.976958e-01	7.004364e+01	-9.794648e-01	-3.309135e-02	7.022532e-01
