10	0.248494	2.965724e-01	7.013632e+01	-1.018820e+00	9.526005e-02	7.033768e-01
5	0.393533	2.968508e-01	7.017537e+01	-1.013468e+00	5.459021e-02	7.030984e-01
2	1.55612	2.987475e-01	7.017710e+01	-1.000622e+00	-4.474946e-02	7.012017e-01
3	0.310428	2.961429e-01	7.029138e+01	-1.034662e+00	1.171779e-01	7.038064e-01
1	0.64587	2.986302e-01	7.029709e+01	-1.029379e+00	5.983725e-02	7.013192e-01
9	0.571315	2.982420e-01	7.036362e+01	-1.037626e+00	7.344031e-02	7.017075e-01
3	0.98495	2.965036e-01	7.047921e+01	-1.069040e+00	1.807073e-01	7.034460e-01
1	1.50195	2.961657e-01	7.032881e+01	-1.013918e+00	1.872241e-02	7.037837e-01
2	1.42539	3.066493e-01	6.977902e+01	-9.522113e-01	-2.671539e-01	6.932993e-01
2	0.91292	3.053375e-01	6.955525e+01	-9.516566e-01	-1.671988e-01	6.946107e-01
4	0.689795	3.036931e-01	6.967448e+01	-9.708336e-01	-9.711585e-02	6.962554e-01
7	0.88185	3.004016e-01	7.015285e+01	-9.879709e-01	-9.854457e-02	6.995476e-01
3	0.450062	3.006619e-01	7.002918e+01	-9.812338e-01	-8.982662e-02	6.992870e-01
2	0.544615	3.029563e-01	6.996207e+01	-1.000325e+00	-5.681451e-02	6.969925e-01
7	0.47931	3.049240e-01	6.975389e+01	-9.647411e-01	-1.649101e-01	6.950245e-01
1	1.05392	3.022580e-01	6.952316e+01	-9.440525e-01	-1.066681e-01	6.976902e-01
1	2.37382	3.052827e-01	6.928908e+01	-9.144649e-01	-1.980684e-01	6.946652e-01
8	2.14155	3.023254e-01	7.004000e+01	-1.006731e+00	-8.616759e-03	6.976236e-01
9	1.11126	2.989163e-01	6.982828e+01	-9.561088e-01	-8.964199e-02	7.010324e-01
2	2.21969	2.937288e-01	7.014745e+01	-1.046931e+00	2.578684e-01	7.062203e-01
3	0.245153	3.024117e-01	6.989355e+01	-9.978637e-01	-2.402757e-02	6.975371e-01
6	0.451539	2.997436e-01	7.022126e+01	-1.031147e+00	6.223067e-02	7.002056e-01
2	1.63736	3.073551e-01	6.954320e+01	-9.335216e-01	-2.484445e-01	6.925931e-01
5	0.971475	3.025382e-01	6.951609e+01	-9.560016e-01	-7.337122e-02	6.974100e-01
14	1.34336	3.022981e-01	7.010919e+01	-9.996285e-01	-1.004269e-01	6.976510e-01
5	0.80912	2.968790e-01	7.019614e+01	-1.016109e+00	5.117123e-02	7.030702e-01
8	0.505595	2.965292e-01	7.031837e+01	-1.022211e+00	5.855174e-02	7.034202e-01
1	0.356828	2.978206e-01	7.004413e+01	-9.998467e-01	3.702182e-02	7.021284e-01
2	1.64037	3.051276e-01	6.953528e+01	-9.580068e-01	-1.398351e-01	6.948207e-01
1	0.71892	3.024787e-01	7.005477e+01	-9.993132e-01	-8.192351e-02	6.974703e-01
1	0.807095	2.999656e-01	7.027319e+01	-1.046254e+00	8.889867e-02	6.999838e-01
2	0.87684	3.020754e-01	7.008075e+01	-1.029630e+00	4.665017e-02	6.978737e-01
5	0.204925	3.004652e-01	6.995289e+01	-1.005025e+00	1.739065e-02	6.994837e-01
1	0.2856	3.016020e-01	6.976939e+01	-9.734999e-01	-5.669067e-02	6.983466e-01
14	0.90383	2.987343e-01	6.994483e+01	-1.021323e+00	1.250054e-01	7.012146e-01
3	2.56295	2.899434e-01	7.027571e+01	-1.045965e+00	2.767135e-01	7.100059e-01
1	2.28959	2.943100e-01	7.036687e+01	-1.083846e+00	3.182501e-01	7.056395e-01
2	1.23149	2.968694e-01	7.026738e+01	-1.064912e+00	2.219201e-01	7.030799e-01
1	0.667275	2.952858e-01	7.033454e+01	-1.048397e+00	1.667453e-01	7.046636e-01
1	0.976585	2.983324e-01	7.044982e+01	-1.043974e+00	5.975578e-02	7.016172e-01
4	0.874245	3.004037e-01	6.994296e+01	-1.008538e+00	5.489531e-02	6.995452e-01
1	0.58984	2.970559e-01	7.027651e+01	-1.035866e+00	1.003693e-01	7.028934e-01
2	2.06306	2.918835e-01	7.019673e+01	-1.025901e+00	2.005602e-01	7.080657e-01
3	1.33567	2.919400e-01	7.046701e+01	-1.050764e+00	2.165247e-01	7.080096e-01
11	1.11221	2.958628e-01	7.008934e+01	-9.882122e-01	1.173493e-02	7.040862e-01
2	0.497672	2.951630e-01	7.031036e+01	-1.030129e+00	1.205799e-01	7.047864e-01
3	0.64626	2.984983e-01	7.004584e+01	-9.964937e-01	-9.406287e-03	7.014506e-01
3	0.58309	3.017281e-01	6.986732e+01	-9.821091e-01	-4.884200e-02	6.982207e-01
21	0.127881	3.005853e-01	6.995272e+01	-9.885185e-01	-3.505175e-02	6.993636e-01
12	0.573485	3.025128e-01	6.987189e+01	-1.005952e+00	1.087103e-02	6.974359e-01
7	0.676515	3.019765e-01	7.002661e+01	-9.768058e-01	-1.367440e-01	6.979725e-01
3	0.179481	3.000896e-01	6.987143e+01	-9.807457e-01	-3.981971e-02	6.998591e-01
7	0.169992	3.023359e-01	6.983850e+01	-9.731272e-01	-9.649089e-02	6.976128e-01
3	0.08128	3.017281e-01	6.988502e+01	-9.869172e-01	-4.653295e-02	6.982206e-01
32	0.156031	2.991463e-01	6.994437e+01	-9.885133e-01	-1.234936e-02	7.008026e-01
2	0.821855	3.001217e-01	6.990135e+01	-9.717602e-01	-9.194242e-02	6.998270e-01
3	1.36229	2.990105e-01	6.972106e+01	-9.510620e-01	-8.856388e-02	7.009380e-01
9	1.16789	3.003474e-01	6.962371e+01	-9.554897e-01	-7.263067e-02	6.996010e-01
2	0.89189	2.996388e-01	6.980918e+01	-9.556807e-01	-1.046191e-01	7.003098e-01
1	2.60542	2.975542e-01	6.991188e+01	-9.736411e-01	-4.797431e-02	7.023946e-01
2	1.42798	3.012248e-01	7.020733e+01	-1.011799e+00	-6.174778e-02	6.987244e-01
1	2.35399	3.056741e-01	6.968665e+01	-9.508423e-01	-2.358848e-01	6.942744e-01
3	1.4244	3.026479e-01	6.976597e+01	-9.841343e-01	-6.332466e-02	6.973006e-01
4	1.86756	3.006153e-01	6.962736e+01	-9.689796e-01	-3.758485e-02	6.993331e-01
1	2.22897	2.970911e-01	6.972827e+01	-9.827300e-01	5.362136e-02	7.028575e-01
2	0.98202	3.028456e-01	6.984963e+01	-9.490146e-01	-2.082201e-01	6.971031e-01
7	0.532825	3.040388e-01	6.968744e+01	-9.553984e-01	-1.650067e-01	6.959096e-01
1	0.70852	3.039353e-01	6.991923e+01	-1.003276e+00	-4.128258e-02	6.960135e-01
12	1.25622	3.042533e-01	6.964631e+01	-9.635317e-01	-1.350460e-01	6.956951e-01
2	1.03733	3.063849e-01	6.970123e+01	-9.543785e-01	-2.263467e-01	6.935636e-01
1	2.5257	3.095265e-01	6.942431e+01	-9.399915e-01	-2.679034e-01	6.904216e-01
1	2.26051	3.058578e-01	6.945746e+01	-9.185168e-01	-2.858320e-01	6.940903e-01
3	1.98131	3.050443e-01	6.958916e+01	-9.334208e-01	-2.534533e-01	6.949040e-01
2	1.39478	3.007278e-01	6.973915e+01	-9.381880e-01	-1.733431e-01	6.992208e-01
9	1.23006	3.055034e-01	6.948562e+01	-9.295555e-01	-2.355650e-01	6.944448e-01
1	0.83401	3.040396e-01	6.992978e+01	-9.868089e-01	-1.246335e-01	6.959092e-01
5	0.6013	2.989668e-01	7.035023e+01	-1.036750e+00	5.694490e-02	7.009826e-01
1	1.01277	2.950780e-01	7.057580e+01	-1.057450e+00	1.463403e-01	7.048718e-01
14	0.492449	2.992225e-01	7.003674e+01	-9.897498e-01	-2.368585e-02	7.007265e-01
5	1.01425	3.042832e-01	6.977064e+01	-9.871994e-01	-5.358442e-02	6.956654e-01
5	0.386586	3.023688e-01	6.979079e+01	-9.919046e-01	-1.503036e-02	6.975798e-01
2	0.883965	2.963479e-01	7.051747e+01	-1.058085e+00	1.428570e-01	7.036018e-01
4	1.96406	3.020229e-01	7.024481e+01	-9.902621e-01	-1.507645e-01	6.979263e-01
6	0.652635	3.006170e-01	7.006389e+01	-9.808148e-01	-1.074112e-01	6.993320e-01
4	0.70147	3.047923e-01	6.972969e+01	-9.835032e-01	-7.622110e-02	6.951562e-01
1	0.91312	3.043569e-01	6.966541e+01	-9.622870e-01	-1.156128e-01	6.955916e-01
1	0.9282	3.068402e-01	6.952175e+01	-9.367793e-01	-2.279719e-01	6.931080e-01
15	1.0693	2.990741e-01	7.000993e+01	-9.986877e-01	-7.977762e-03	7.008748e-01
11	0.78548	3.038026e-01	6.972955e+01	-9.518549e-01	-1.899296e-01	6.961459e-01
3	0.95535	2.972477e-01	7.012688e+01	-9.980418e-01	2.328711e-02	7.027014e-01
1	1.42202	3.055614e-01	6.981328e+01	-1.002117e+00	-5.007401e-02	6.943872e-01
3	1.27476	2.963734e-01	7.054483e+01	-1.072327e+00	1.736814e-01	7.035763e-01
3	1.31882	3.070915e-01	6.978642e+01	-9.729873e-01	-1.790925e-01	6.928571e-01
2	1.23202	2.966487e-01	7.028434e+01	-1.062894e+00	2.226450e-01	7.033006e-01
1	0.931395	2.987807e-01	6.974955e+01	-9.784200e-01	2.225206e-02	7.011679e-01
2	1.02459	3.003919e-01	6.963152e+01	-9.562442e-01	-7.114638e-02	6.995565e-01
4	0.61043	3.029097e-01	6.966636e+01	-9.547601e-01	-1.387059e-01	6.970387e-01
2	0.82569	3.019161e-01	6.962732e+01	-9.640431e-01	-5.342495e-02	6.980323e-01
7	0.99854	3.040664e-01	6.978558e+01	-1.000249e+00	-1.533812e-02	6.958822e-01
4	1.87816	3.000704e-01	7.005347e+01	-1.045844e+00	1.409790e-01	6.998786e-01
4	1.15203	3.058166e-01	6.953652e+01	-9.593390e-01	-1.413767e-01	6.941317e-01
5	0.76343	3.043368e-01	6.975037e+01	-9.881247e-01	-5.220339e-02	6.956118e-01
2	0.952585	2.950339e-01	7.012035e+01	-1.034991e+00	1.845672e-01	7.049152e-01
5	1.1883	2.964808e-01	7.039629e+01	-1.073102e+00	2.202285e-01	7.034687e-01
14	1.55963	3.062797e-01	6.997405e+01	-9.819047e-01	-1.981719e-01	6.936692e-01
10	0.538335	2.967711e-01	6.999205e+01	-1.006169e+00	8.246580e-02	7.031778e-01
2	0.806195	2.958278e-01	7.023662e+01	-1.018832e+00	7.275661e-02	7.041214e-01
23	0.64866	3.020384e-01	7.013296e+01	-9.989766e-01	-8.758316e-02	6.979107e-01
28	0.259321	3.023809e-01	6.975021e+01	-9.634230e-01	-1.147199e-01	6.975676e-01
1	0.450153	2.978458e-01	6.995342e+01	-9.909906e-01	2.806786e-02	7.021030e-01
1	1.8162	2.922412e-01	7.033885e+01	-1.047462e+00	2.384072e-01	7.077082e-01
2	0.72786	2.958675e-01	7.031970e+01	-1.021198e+00	6.205707e-02	7.040819e-01
3	1.16026	2.939398e-01	7.043372e+01	-1.032831e+00	1.102940e-01	7.060097e-01
9	1.12938	2.989716e-01	6.977564e+01	-1.001640e+00	9.052363e-02	7.009770e-01
7	0.960455	3.011327e-01	6.961128e+01	-9.731907e-01	-1.087973e-02	6.988156e-01
7	1.38681	2.991918e-01	6.975049e+01	-9.978705e-01	6.905979e-02	7.007568e-01
8	1.16023	2.992108e-01	6.965282e+01	-9.647102e-01	-2.095173e-02	7.007376e-01
14	0.242101	2.979946e-01	7.026477e+01	-1.033210e+00	8.339524e-02	7.019547e-01
4	0.337223	2.996647e-01	7.022221e+01	-1.030549e+00	5.282993e-02	7.002845e-01
2	1.40541	2.996098e-01	6.966785e+01	-9.530269e-01	-8.186940e-02	7.003387e-01
3	0.945645	3.062746e-01	6.971464e+01	-9.525785e-01	-2.328931e-01	6.936739e-01
1	0.154748	2.975392e-01	7.020517e+01	-1.022406e+00	6.964761e-02	7.024101e-01
1	0.271087	2.965181e-01	7.028807e+01	-1.037366e+00	1.260674e-01	7.034312e-01
11	0.273794	3.008129e-01	6.984602e+01	-9.857603e-01	-3.192875e-02	6.991358e-01
1	0.160427	3.001891e-01	6.990888e+01	-9.907573e-01	-1.779504e-02	6.997597e-01
11	0.280476	2.974008e-01	7.021641e+01	-1.028142e+00	9.970879e-02	7.025485e-01
22	0.328643	2.972922e-01	7.016770e+01	-1.032375e+00	1.192953e-01	7.026570e-01
21	0.269842	2.982603e-01	6.997238e+01	-1.008884e+00	7.247907e-02	7.016886e-01
3	0.339035	2.988912e-01	7.011428e+01	-9.978467e-01	-1.386995e-02	7.010578e-01
3	0.60558	2.994880e-01	7.024525e+01	-1.011756e+00	-1.262749e-02	7.004613e-01
13	1.45193	2.969147e-01	7.045528e+01	-1.022514e+00	8.520154e-03	7.030349e-01
1	2.40462	2.949398e-01	7.057113e+01	-1.044382e+00	1.195544e-01	7.050100e-01
3	2.01947	2.950110e-01	7.048943e+01	-1.033744e+00	1.000458e-01	7.049386e-01
4	1.91429	3.005853e-01	7.008613e+01	-9.739063e-01	-1.194599e-01	6.993638e-01
2	1.54272	3.040704e-01	6.960453e+01	-9.174031e-01	-2.731167e-01	6.958779e-01
1	0.308903	3.038142e-01	6.973225e+01	-9.616698e-01	-1.453412e-01	6.961343e-01
5	0.62482	3.045676e-01	6.988804e+01	-9.713194e-01	-1.694296e-01	6.953812e-01
4	1.45378	3.086193e-01	6.960685e+01	-9.544603e-01	-2.374791e-01	6.913291e-01
2	0.63671	3.042132e-01	6.987975e+01	-9.954887e-01	-6.317798e-02	6.957356e-01
16	0.91296	3.031290e-01	6.991634e+01	-1.013809e+00	9.191225e-03	6.968198e-01
4	1.02648	3.009150e-01	7.015428e+01	-1.038770e+00	7.162845e-02	6.990341e-01
8	1.18393	3.010936e-01	7.013695e+01	-1.034951e+00	5.483741e-02	6.988555e-01
1	0.70568	3.019337e-01	6.979652e+01	-9.905418e-01	-2.407917e-03	6.980149e-01
3	1.03056	3.032508e-01	7.014223e+01	-1.014833e+00	-5.158475e-02	6.966983e-01
11	0.61319	2.990399e-01	6.992691e+01	-1.016315e+00	9.904060e-02	7.009089e-01
5	2.21857	2.953669e-01	7.046680e+01	-1.031695e+00	9.450896e-02	7.045827e-01
3	1.24494	2.993413e-01	7.032359e+01	-1.015767e+00	-1.250010e-02	7.006081e-01
6	1.01494	3.028126e-01	6.999898e+01	-1.020105e+00	2.646898e-02	6.971363e-01
1	2.47312	3.109768e-01	6.911741e+01	-8.909782e-01	-3.623714e-01	6.889708e-01
4	1.19498	3.028277e-01	6.945567e+01	-9.300206e-01	-1.588360e-01	6.971204e-01
1	0.590155	3.018053e-01	6.965826e+01	-9.558324e-01	-9.385007e-02	6.981432e-01
4	1.13928	3.034626e-01	6.989916e+01	-9.745818e-01	-1.197699e-01	6.964862e-01
6	2.16814	3.034144e-01	7.002702e+01	-1.041135e+00	7.448567e-02	6.965346e-01
4	1.90953	3.050814e-01	6.982348e+01	-1.010019e+00	-2.313079e-02	6.948673e-01
7	1.47013	3.047564e-01	6.994814e+01	-1.011519e+00	-4.903118e-02	6.951924e-01
5	1.02988	2.989844e-01	7.016664e+01	-1.049928e+00	1.518691e-01	7.009648e-01
8	1.17376	3.007539e-01	7.016749e+01	-1.033980e+00	4.729897e-02	6.991952e-01
12	1.62603	3.091740e-01	6.958038e+01	-9.522675e-01	-2.429124e-01	6.907743e-01
9	1.73226	3.075538e-01	6.944186e+01	-9.540762e-01	-1.487863e-01	6.923943e-01
7	1.7527	3.053766e-01	6.981653e+01	-1.004375e+00	-2.773585e-02	6.945721e-01
16	0.853805	3.006682e-01	7.004483e+01	-1.032205e+00	9.807025e-02	6.992808e-01
2	2.19955	2.996328e-01	7.021048e+01	-1.067458e+00	2.018670e-01	7.003164e-01
4	0.523475	3.004855e-01	7.021157e+01	-1.015968e+00	-1.948750e-02	6.994637e-01
3	0.61924	3.039682e-01	6.986607e+01	-9.645369e-01	-1.817664e-01	6.959805e-01
1	0.75194	3.040965e-01	6.996563e+01	-9.771604e-01	-1.646240e-01	6.958524e-01
4	0.92497	3.037605e-01	6.976179e+01	-9.509074e-01	-2.035176e-01	6.961881e-01
10	1.7612	2.940692e-01	7.074019e+01	-1.098280e+00	2.686368e-01	7.058807e-01
1	1.26648	2.932609e-01	7.055556e+01	-1.071530e+00	2.271479e-01	7.066888e-01
11	0.589825	2.959242e-01	7.040385e+01	-1.058695e+00	1.787628e-01	7.040253e-01
1	0.648225	2.962596e-01	7.046277e+01	-1.055713e+00	1.442651e-01	7.036900e-01
7	0.74244	2.972133e-01	7.014787e+01	-9.996512e-01	2.056131e-02	7.027358e-01
1	0.685905	2.992804e-01	6.994193e+01	-9.710199e-01	-7.113640e-02	7.006685e-01
3	0.91053	2.940267e-01	7.022164e+01	-1.020604e+00	1.234203e-01	7.059225e-01
1	0.583225	3.024795e-01	6.959834e+01	-9.510892e-01	-1.109102e-01	6.974689e-01
3	1.13436	3.055667e-01	6.982585e+01	-9.792543e-01	-1.546619e-01	6.943820e-01
4	1.34308	2.920680e-01	7.064709e+01	-1.080400e+00	2.623477e-01	7.078819e-01
22	0.817825	2.978223e-01	7.031480e+01	-1.031296e+00	5.514402e-02	7.021271e-01
1	1.00754	2.982609e-01	7.002447e+01	-1.035261e+00	1.593212e-01	7.016881e-01
1	1.00348	3.045537e-01	6.949290e+01	-9.229675e-01	-2.325472e-01	6.953945e-01
2	0.457987	3.016772e-01	6.984896e+01	-9.622283e-01	-1.265161e-01	6.982715e-01
2	0.66439	3.006119e-01	7.002406e+01	-9.773969e-01	-9.829216e-02	6.993371e-01
6	0.781225	3.021913e-01	7.001849e+01	-9.740012e-01	-1.523180e-01	6.977577e-01
1	0.329205	2.980858e-01	7.029982e+01	-1.028263e+00	5.435611e-02	7.018636e-01
3	0.64911	3.039793e-01	6.964807e+01	-9.458014e-01	-1.712276e-01	6.959691e-01
4	0.724285	3.032332e-01	6.970442e+01	-9.637289e-01	-1.001176e-01	6.967153e-01
2	0.530145	2.993905e-01	6.997984e+01	-1.005591e+00	5.070265e-02	7.005584e-01
2	1.02107	3.015989e-01	7.008346e+01	-1.021644e+00	3.775953e-02	6.983502e-01
4	1.36353	3.061682e-01	6.987652e+01	-9.959111e-01	-1.035353e-01	6.937806e-01
5	0.908425	2.962437e-01	7.052684e+01	-1.054128e+00	1.263862e-01	7.037060e-01
8	0.54994	2.959336e-01	7.029715e+01	-1.025936e+00	9.786750e-02	7.040158e-01
1	0.92776	3.038482e-01	6.993469e+01	-9.920411e-01	-1.037728e-01	6.961007e-01
8	0.633345	2.979747e-01	7.035031e+01	-1.053144e+00	1.390437e-01	7.019748e-01
6	0.52416	2.992003e-01	7.018831e+01	-1.041139e+00	1.120647e-01	7.007489e-01
8	0.513765	2.983778e-01	7.021789e+01	-1.024932e+00	7.269580e-02	7.015714e-01
20	0.508455	3.001181e-01	6.982952e+01	-9.846666e-01	2.904541e-04	6.998305e-01
2	0.450113	2.978768e-01	7.025613e+01	-1.035676e+00	1.087924e-01	7.020725e-01
3	0.746705	2.995575e-01	7.029763e+01	-1.038075e+00	7.158220e-02	7.003918e-01
11	0.64717	3.003397e-01	7.024687e+01	-1.036020e+00	5.884766e-02	6.996095e-01
1	2.46515	3.058381e-01	6.959823e+01	-9.102745e-01	-3.248129e-01	6.941102e-01
4	2.14	3.087018e-01	6.940979e+01	-8.953428e-01	-3.920311e-01	6.912463e-01
2	1.06237	3.076292e-01	6.952670e+01	-9.444859e-01	-2.183846e-01	6.923191e-01
12	0.740155	3.032614e-01	6.984916e+01	-1.001160e+00	-2.395947e-02	6.966873e-01
4	0.89332	2.951385e-01	7.032425e+01	-1.045912e+00	1.597863e-01	7.048109e-01
1	0.985445	3.073487e-01	6.950900e+01	-9.282631e-01	-2.733588e-01	6.925995e-01
3	1.67108	3.096665e-01	6.946948e+01	-9.389197e-01	-2.745661e-01	6.902817e-01
3	2.19532	3.086502e-01	6.922062e+01	-9.148685e-01	-2.733136e-01	6.912976e-01
1	0.695855	3.028781e-01	6.954745e+01	-9.455305e-01	-1.266324e-01	6.970702e-01
8	0.465624	3.005696e-01	6.971410e+01	-9.658015e-01	-5.347037e-02	6.993790e-01
8	0.451841	2.958414e-01	7.036737e+01	-1.040749e+00	1.315231e-01	7.041080e-01
6	0.813245	2.990539e-01	7.016093e+01	-1.014552e+00	1.018321e-02	7.008952e-01
1	0.91353	2.942339e-01	7.033432e+01	-1.051347e+00	1.964693e-01	7.057155e-01
2	0.288936	2.997697e-01	7.006732e+01	-1.004151e+00	9.769034e-03	7.001793e-01
3	0.472481	3.004246e-01	7.007771e+01	-1.027113e+00	6.506346e-02	6.995245e-01
4	0.354809	2.981585e-01	7.019336e+01	-1.039065e+00	1.258650e-01	7.017907e-01
8	0.07194	2.999021e-01	6.993371e+01	-9.898055e-01	-1.368833e-02	7.000467e-01
6	0.0948465	3.012978e-01	6.983424e+01	-9.820226e-01	-4.222633e-02	6.986509e-01
1	0.806845	3.027694e-01	6.990447e+01	-9.594831e-01	-1.781697e-01	6.971793e-01
1	1.06751	3.001464e-01	7.025211e+01	-9.999355e-01	-7.911224e-02	6.998029e-01
7	2.08423	3.053339e-01	6.971142e+01	-9.209161e-01	-3.161765e-01	6.946146e-01
1	2.60331	3.002030e-01	7.043319e+01	-1.024537e+00	-2.516211e-02	6.997466e-01
9	0.989555	2.989513e-01	7.037784e+01	-1.057124e+00	1.273991e-01	7.009981e-01
2	1.38225	2.952976e-01	7.063714e+01	-1.069922e+00	1.760657e-01	7.046522e-01
6	1.03724	3.025996e-01	7.014123e+01	-1.008463e+00	-5.452674e-02	6.973496e-01
1	1.97344	2.987610e-01	7.037240e+01	-1.076342e+00	2.069257e-01	7.011885e-01
3	2.72482	3.009807e-01	7.054575e+01	-1.070369e+00	7.436038e-02	6.989690e-01
1	1.03715	3.014728e-01	7.011574e+01	-1.037856e+00	8.094726e-02	6.984763e-01
10	0.877705	2.977553e-01	7.006343e+01	-1.032189e+00	1.344659e-01	7.021938e-01
1	1.51931	3.058099e-01	6.952238e+01	-9.574333e-01	-1.189917e-01	6.941384e-01
4	2.0037	3.029922e-01	6.983643e+01	-1.006159e+00	3.150382e-02	6.969565e-01
1	1.73414	2.992783e-01	7.037285e+01	-1.066268e+00	1.626368e-01	7.006712e-01
1	0.91347	3.004262e-01	7.009129e+01	-1.037981e+00	1.104089e-01	6.995229e-01
1	1.64166	3.014537e-01	6.998313e+01	-9.848848e-01	-1.051639e-01	6.984952e-01
6	1.1265	3.052025e-01	6.951274e+01	-9.232613e-01	-2.575370e-01	6.947457e-01
1	1.32706	3.056346e-01	6.960235e+01	-9.198316e-01	-3.030101e-01	6.943137e-01
2	1.11251	3.073781e-01	6.942386e+01	-9.269838e-01	-2.467834e-01	6.925700e-01
3	0.92017	3.060290e-01	6.951355e+01	-9.256780e-01	-2.611875e-01	6.939192e-01
9	2.57491	3.033904e-01	6.922068e+01	-9.202559e-01	-1.348374e-01	6.965574e-01
9	2.15403	2.961949e-01	6.973937e+01	-9.619726e-01	8.259205e-03	7.037536e-01
1	0.880295	3.026178e-01	6.960858e+01	-9.370880e-01	-1.668208e-01	6.973306e-01
10	0.82174	3.028093e-01	6.967249e+01	-9.519179e-01	-1.271430e-01	6.971392e-01
8	1.08262	3.031067e-01	6.950419e+01	-9.285307e-01	-1.790547e-01	6.968415e-01
2	0.941875	3.048929e-01	6.962769e+01	-9.323238e-01	-2.376184e-01	6.950555e-01
4	1.18131	3.058199e-01	6.956043e+01	-9.196261e-01	-2.935723e-01	6.941284e-01
1	0.874935	3.042448e-01	6.957738e+01	-9.292230e-01	-2.289581e-01	6.957036e-01
2	1.91813	3.064521e-01	6.967360e+01	-9.304834e-01	-2.836781e-01	6.934963e-01
3	1.18379	2.945033e-01	7.027391e+01	-1.015954e+00	9.772337e-02	7.054461e-01
10	1.09737	3.025842e-01	6.950566e+01	-9.332819e-01	-1.599741e-01	6.973640e-01
2	1.04297	3.046794e-01	6.941041e+01	-9.288302e-01	-1.850521e-01	6.952687e-01
1	0.336838	3.023411e-01	6.975619e+01	-9.849898e-01	-3.187534e-02	6.976075e-01
2	0.66449	2.982087e-01	7.017495e+01	-1.041162e+00	1.289577e-01	7.017405e-01
16	0.410497	2.992768e-01	6.999510e+01	-1.005590e+00	2.553551e-02	7.006722e-01
5	0.473999	2.979958e-01	7.036283e+01	-1.038447e+00	7.608393e-02	7.019537e-01
1	1.11242	2.987770e-01	6.993219e+01	-9.787481e-01	-5.057192e-02	7.011719e-01
1	2.31792	3.038817e-01	6.989803e+01	-1.015614e+00	-1.014730e-02	6.960671e-01
4	2.21547	3.102566e-01	6.916855e+01	-8.876947e-01	-3.899493e-01	6.896911e-01
4	1.30291	3.077156e-01	6.935530e+01	-9.298067e-01	-2.251764e-01	6.922324e-01
1	1.5071	3.053862e-01	6.938866e+01	-9.434064e-01	-1.287824e-01	6.945618e-01
13	1.41549	3.060866e-01	6.929985e+01	-9.195356e-01	-2.147844e-01	6.938613e-01
3	2.07434	3.068917e-01	6.932156e+01	-8.976270e-01	-3.358592e-01	6.930562e-01
2	1.82354	3.055847e-01	6.948622e+01	-9.657741e-01	-9.916727e-02	6.943635e-01
2	1.91854	2.992620e-01	7.019636e+01	-1.016668e+00	-5.845275e-03	7.006872e-01
6	1.49072	2.918865e-01	7.042054e+01	-1.045214e+00	1.947230e-01	7.080630e-01
1	0.999755	3.062112e-01	6.976897e+01	-9.776444e-01	-1.501416e-01	6.937373e-01
4	1.1343	2.956778e-01	7.058526e+01	-1.075575e+00	1.998362e-01	7.042720e-01
1	0.097865	2.998784e-01	7.007799e+01	-1.011272e+00	1.713420e-02	7.000706e-01
3	1.21747	3.012549e-01	6.968214e+01	-9.934529e-01	3.884450e-02	6.986935e-01
1	0.614985	3.059711e-01	6.963542e+01	-9.482092e-01	-2.094921e-01	6.939773e-01
2	1.06632	3.034254e-01	6.982731e+01	-9.452773e-01	-2.278852e-01	6.965233e-01
12	1.20831	3.076183e-01	6.949528e+01	-9.349819e-01	-2.401560e-01	6.923299e-01
1	2.39391	3.079495e-01	6.977559e+01	-9.846431e-01	-1.413722e-01	6.919991e-01
12	2.08222	3.026930e-01	7.018251e+01	-1.050879e+00	8.550159e-02	6.972561e-01
8	1.54422	3.048714e-01	6.982673e+01	-1.003563e+00	-4.556462e-02	6.950772e-01
3	1.66242	3.061235e-01	6.989544e+01	-9.783640e-01	-1.960339e-01	6.938252e-01
10	1.41335	2.961523e-01	7.059133e+01	-1.065355e+00	1.378953e-01	7.037975e-01
1	0.53793	2.996224e-01	7.027431e+01	-1.039359e+00	7.552245e-02	7.003269e-01
5	1.03667	2.954889e-01	7.046974e+01	-1.045974e+00	1.352480e-01	7.044608e-01
3	0.7281	3.055509e-01	6.952280e+01	-9.355006e-01	-2.088804e-01	6.943973e-01
5	0.397446	2.985160e-01	6.995963e+01	-9.975495e-01	4.036291e-02	7.014328e-01
5	0.51169	2.996566e-01	7.025946e+01	-1.023739e+00	2.485869e-02	7.002927e-01
20	0.200208	2.987364e-01	7.012478e+01	-1.027477e+00	9.221305e-02	7.012128e-01
29	0.101745	2.992621e-01	6.998835e+01	-9.945860e-01	1.894112e-03	7.006868e-01
10	1.04227	3.042181e-01	6.961171e+01	-9.504573e-01	-1.403674e-01	6.957302e-01
8	1.19406	3.030051e-01	7.013011e+01	-9.943664e-01	-1.341750e-01	6.969440e-01
4	0.667885	3.034343e-01	6.990858e+01	-9.755074e-01	-1.470157e-01	6.965145e-01
3	0.65279	3.040590e-01	6.957165e+01	-9.369480e-01	-1.896969e-01	6.958893e-01
3	1.81697	3.022378e-01	6.961969e+01	-9.571082e-01	-7.187740e-02	6.977105e-01
8	0.105319	2.992263e-01	6.997942e+01	-9.997192e-01	2.477243e-02	7.007226e-01
1	1.20862	2.952360e-01	7.053862e+01	-1.041316e+00	9.331630e-02	7.047137e-01
1	0.445103	2.966071e-01	7.032897e+01	-1.048178e+00	1.459252e-01	7.033423e-01
8	0.352497	3.024548e-01	6.991668e+01	-9.937158e-01	-5.710619e-02	6.974940e-01
5	0.64343	3.023195e-01	7.004207e+01	-9.923463e-01	-9.994497e-02	6.976295e-01
6	0.859975	3.010985e-01	7.027654e+01	-1.031040e+00	1.327836e-02	6.988508e-01
1	0.353343	3.034900e-01	6.975826e+01	-9.568631e-01	-1.613751e-01	6.964586e-01
10	0.566565	2.989087e-01	6.981343e+01	-9.716661e-01	-2.804075e-02	7.010400e-01
7	0.87298	2.982817e-01	6.975972e+01	-9.789091e-01	2.202662e-02	7.016669e-01
12	0.93941	3.004999e-01	7.020270e+01	-1.017408e+00	-2.018299e-02	6.994493e-01
4	0.685105	2.974570e-01	7.016206e+01	-9.957232e-01	-9.148758e-03	7.024921e-01
3	0.566825	2.947368e-01	7.040594e+01	-1.052640e+00	1.783514e-01	7.052127e-01
5	0.524645	2.958182e-01	7.041167e+01	-1.041097e+00	1.182310e-01	7.041314e-01
3	0.801335	2.996691e-01	7.000602e+01	-9.861917e-01	-3.228912e-02	7.002799e-01
4	0.71775	3.006961e-01	7.010054e+01	-1.005803e+00	-8.198338e-03	6.992530e-01
3	0.662615	3.012636e-01	7.018664e+01	-1.007326e+00	-6.030959e-02	6.986855e-01
9	0.611275	3.052471e-01	6.969258e+01	-9.598448e-01	-1.743048e-01	6.947014e-01
5	0.915515	2.981948e-01	7.034840e+01	-1.038953e+00	6.636269e-02	7.017546e-01
2	0.642095	2.988435e-01	7.033561e+01	-1.044857e+00	8.643127e-02	7.011059e-01
2	2.44026	2.944536e-01	7.060438e+01	-1.072703e+00	2.255482e-01	7.054962e-01
1	1.54569	2.969472e-01	7.042467e+01	-1.036773e+00	9.146648e-02	7.030023e-01
3	1.85231	2.957537e-01	7.063785e+01	-1.050698e+00	8.059112e-02	7.041961e-01
1	0.975345	2.983546e-01	7.009194e+01	-9.876642e-01	-5.177814e-02	7.015945e-01
4	1.24935	2.966458e-01	7.054800e+01	-1.057670e+00	1.309567e-01	7.033039e-01
6	1.52308	2.999744e-01	7.042282e+01	-1.047503e+00	4.078283e-02	6.999752e-01
4	0.237922	3.030426e-01	6.987580e+01	-9.757049e-01	-1.191744e-01	6.969061e-01
7	0.365883	2.973221e-01	7.000355e+01	-1.009120e+00	8.796828e-02	7.026269e-01
2	1.64783	3.069205e-01	6.949041e+01	-9.526761e-01	-1.506363e-01	6.930277e-01
8	0.285824	3.016095e-01	6.982256e+01	-9.905968e-01	-9.794887e-03	6.983392e-01
5	0.218601	2.986900e-01	7.009257e+01	-1.007804e+00	2.045961e-02	7.012590e-01
7	0.285419	2.997946e-01	7.001504e+01	-1.018249e+00	7.093803e-02	7.001544e-01
3	0.162184	3.013159e-01	7.003314e+01	-9.960253e-01	-4.918301e-02	6.986331e-01
7	0.0854965	3.018113e-01	6.992435e+01	-9.851516e-01	-6.857429e-02	6.981375e-01
3	0.5026	3.017896e-01	6.967140e+01	-9.541603e-01	-1.066549e-01	6.981588e-01
13	0.771295	3.045251e-01	6.977195e+01	-9.564146e-01	-2.001207e-01	6.954235e-01
1	1.13366	2.970670e-01	7.028887e+01	-1.029997e+00	6.876905e-02	7.028823e-01
8	1.20242	3.025312e-01	6.970670e+01	-9.735861e-01	-8.053174e-02	6.974173e-01
3	1.72146	3.015851e-01	6.985385e+01	-1.024108e+00	9.410787e-02	6.983637e-01
4	1.74922	3.012382e-01	6.998708e+01	-1.004072e+00	-3.049839e-02	6.987107e-01
4	1.18032	2.996285e-01	7.024275e+01	-1.020951e+00	-3.711624e-03	7.003208e-01
4	0.437928	3.004800e-01	7.001903e+01	-9.796624e-01	-9.080746e-02	6.994690e-01
5	0.362905	2.986119e-01	6.992115e+01	-1.003382e+00	6.609973e-02	7.013369e-01
19	0.378393	3.025818e-01	6.984145e+01	-9.717758e-01	-1.202142e-01	6.973669e-01
4	1.54508	3.024753e-01	6.965385e+01	-9.334729e-01	-2.111687e-01	6.974731e-01
16	1.69772	2.964857e-01	6.990028e+01	-9.662276e-01	-2.275757e-02	7.034631e-01
1	0.698315	2.992268e-01	6.977405e+01	-9.656395e-01	-4.317978e-02	7.007218e-01
5	0.467915	3.037716e-01	6.980256e+01	-9.634321e-01	-1.489321e-01	6.961770e-01
7	1.23613	2.970968e-01	7.010997e+01	-9.880223e-01	-2.996013e-02	7.028523e-01
2	1.10765	3.019131e-01	6.998572e+01	-9.624002e-01	-1.757442e-01	6.980358e-01
1	1.16628	3.026323e-01	7.008283e+01	-1.007028e+00	-3.744435e-02	6.973167e-01
3	1.33848	3.044368e-01	7.010526e+01	-9.988062e-01	-1.348254e-01	6.955123e-01
1	1.5213	3.076725e-01	6.967580e+01	-9.526390e-01	-2.558491e-01	6.922760e-01
16	1.39816	2.982617e-01	6.997407e+01	-1.023700e+00	1.134527e-01	7.016872e-01
5	1.47277	3.015431e-01	6.974480e+01	-9.650336e-01	-1.070123e-01	6.984055e-01
2	1.14569	2.953548e-01	6.998152e+01	-9.921383e-01	6.854009e-02	7.045941e-01
2	0.83935	2.973301e-01	7.010489e+01	-9.879103e-01	-2.648176e-02	7.026190e-01
4	2.16917	2.916047e-01	7.069343e+01	-1.093919e+00	3.228897e-01	7.083452e-01
2	1.5848	2.950927e-01	7.034324e+01	-1.006942e+00	2.752833e-02	7.048567e-01
4	0.433314	3.023576e-01	6.979593e+01	-9.608435e-01	-1.271868e-01	6.975911e-01
9	0.491225	2.997521e-01	6.980161e+01	-9.716302e-01	-3.677589e-02	7.001965e-01
3	1.62579	3.038492e-01	6.989573e+01	-9.708937e-01	-1.373818e-01	6.960996e-01
8	0.76591	3.020773e-01	7.014143e+01	-1.024946e+00	1.302116e-02	6.978718e-01
1	0.622665	3.042397e-01	6.983423e+01	-9.883230e-01	-7.340227e-02	6.957090e-01
12	0.241964	2.968165e-01	7.027083e+01	-1.029611e+00	9.201196e-02	7.031328e-01
4	0.58305	2.963791e-01	7.004613e+01	-1.009619e+00	8.535106e-02	7.035699e-01
1	0.849635	3.033593e-01	6.956121e+01	-9.645149e-01	-7.458615e-02	6.965889e-01
7	0.856335	2.997193e-01	7.002977e+01	-1.033416e+00	1.237020e-01	7.002297e-01
3	0.80636	2.969380e-01	7.018925e+01	-1.041588e+00	1.685263e-01	7.030112e-01
2	0.483474	3.020441e-01	6.996877e+01	-1.006553e+00	1.166201e-03	6.979048e-01
9	0.784015	3.046047e-01	6.995199e+01	-9.847955e-01	-1.446484e-01	6.953441e-01
2	0.902255	2.991333e-01	7.012933e+01	-1.018087e+00	2.981427e-02	7.008158e-01
4	0.396286	2.989262e-01	7.001610e+01	-1.016142e+00	6.800990e-02	7.010227e-01
11	0.151795	3.007442e-01	6.985482e+01	-9.775653e-01	-5.954053e-02	6.992045e-01
2	1.29337	3.045067e-01	6.955112e+01	-9.624262e-01	-1.111347e-01	6.954416e-01
10	1.2777	3.047918e-01	6.940295e+01	-9.146429e-01	-2.392108e-01	6.951562e-01
3	0.82462	3.044614e-01	6.957811e+01	-9.387426e-01	-2.040700e-01	6.954869e-01
2	1.36993	3.061115e-01	6.952237e+01	-9.284111e-01	-2.664640e-01	6.938367e-01
1	0.558475	3.046698e-01	6.971490e+01	-9.519858e-01	-1.973292e-01	6.952787e-01
7	1.04165	3.014872e-01	6.984149e+01	-9.494568e-01	-1.787108e-01	6.984615e-01
3	2.13404	3.009755e-01	7.014820e+01	-1.045146e+00	8.591988e-02	6.989737e-01
1	2.51044	2.987652e-01	7.045795e+01	-1.086100e+00	2.200060e-01	7.011844e-01
5	0.91634	3.028574e-01	7.000899e+01	-1.001618e+00	-4.128253e-02	6.970915e-01
4	0.82223	2.974047e-01	7.043421e+01	-1.038894e+00	7.577943e-02	7.025449e-01
5	1.57561	3.070791e-01	6.986533e+01	-9.815299e-01	-1.724849e-01	6.928696e-01
1	1.55065	3.027581e-01	7.015113e+01	-1.040977e+00	5.366028e-02	6.971911e-01
3	2.49711	3.082498e-01	6.980194e+01	-9.943384e-01	-1.417634e-01	6.916988e-01
5	0.69112	3.037285e-01	7.002368e+01	-9.976479e-01	-9.769299e-02	6.962205e-01
2	1.53988	3.062622e-01	6.977331e+01	-9.607477e-01	-1.940477e-01	6.936864e-01
3	1.44029	3.066710e-01	6.965730e+01	-9.289234e-01	-3.150784e-01	6.932774e-01
2	1.57684	3.063157e-01	6.957431e+01	-9.297859e-01	-2.846728e-01	6.936326e-01
3	2.57733	3.123352e-01	6.925557e+01	-8.977775e-01	-4.150225e-01	6.876127e-01
8	1.14962	3.057284e-01	6.936865e+01	-9.216732e-01	-2.193912e-01	6.942196e-01
9	0.959365	3.041866e-01	6.997862e+01	-1.009979e+00	-4.502455e-02	6.957623e-01
6	0.82889	3.028343e-01	6.981768e+01	-9.998626e-01	5.475195e-03	6.971143e-01
5	0.417185	3.032266e-01	6.964891e+01	-9.643495e-01	-9.018855e-02	6.967218e-01
10	1.06925	2.984474e-01	6.994713e+01	-1.024648e+00	1.412324e-01	7.015014e-01
1	0.99879	3.049508e-01	6.968972e+01	-9.512827e-01	-2.067341e-01	6.949977e-01
9	1.50758	3.041323e-01	6.987458e+01	-9.458663e-01	-2.489393e-01	6.958164e-01
8	1.45417	3.087017e-01	6.959794e+01	-9.483937e-01	-2.618553e-01	6.912466e-01
3	0.349452	2.991177e-01	6.985625e+01	-9.928863e-01	3.488165e-02	7.008310e-01
11	0.734925	2.997217e-01	7.025867e+01	-1.029113e+00	4.860734e-02	7.002276e-01
9	0.542935	2.986626e-01	6.981757e+01	-9.804266e-01	8.920310e-03	7.012860e-01
2	0.447391	3.018711e-01	6.990114e+01	-9.736314e-01	-9.849966e-02	6.980777e-01
10	1.10322	3.052440e-01	6.941138e+01	-9.191141e-01	-2.337345e-01	6.947041e-01
6	0.77038	3.035441e-01	6.960800e+01	-9.631093e-01	-1.024227e-01	6.964042e-01
5	0.210393	3.006994e-01	7.003196e+01	-9.924561e-01	-5.736745e-02	6.992495e-01
7	0.764375	3.026859e-01	6.992006e+01	-9.653564e-01	-1.545178e-01	6.972629e-01
5	0.940085	2.985654e-01	7.021150e+01	-9.945299e-01	-5.703907e-02	7.013838e-01
3	0.260715	3.006238e-01	6.986538e+01	-9.719754e-01	-7.404555e-02	6.993249e-01
10	0.38872	2.962932e-01	7.018801e+01	-1.020247e+00	9.985795e-02	7.036560e-01
6	0.28467	2.973523e-01	7.017026e+01	-1.033954e+00	1.300362e-01	7.025968e-01
1	0.92615	3.016112e-01	6.965307e+01	-9.836340e-01	7.638411e-03	6.983373e-01
3	0.395161	2.961718e-01	7.016258e+01	-1.023214e+00	1.078881e-01	7.037774e-01
4	1.01629	3.073016e-01	6.957125e+01	-9.401563e-01	-2.550013e-01	6.926467e-01
6	1.28584	3.003304e-01	7.005011e+01	-9.676417e-01	-1.480004e-01	6.996186e-01
2	1.19784	2.990449e-01	7.017338e+01	-9.857200e-01	-9.158159e-02	7.009042e-01
3	0.299999	3.037561e-01	6.977868e+01	-9.657558e-01	-1.356359e-01	6.961925e-01
1	1.64718	3.048790e-01	6.933987e+01	-9.066422e-01	-2.558493e-01	6.950690e-01
1	2.07966	3.004967e-01	6.977812e+01	-9.539775e-01	-1.387435e-01	6.994519e-01
5	1.71098	3.024364e-01	7.002604e+01	-1.026973e+00	2.700140e-02	6.975126e-01
3	1.19636	2.958715e-01	7.026196e+01	-1.062019e+00	2.363853e-01	7.040779e-01
17	0.75329	2.992355e-01	7.000374e+01	-1.012798e+00	4.720910e-02	7.007134e-01
3	0.72496	3.053500e-01	6.971345e+01	-9.521120e-01	-2.132897e-01	6.945985e-01
5	0.710065	3.017494e-01	6.991665e+01	-9.632295e-01	-1.439456e-01	6.981994e-01
4	0.79015	2.976969e-01	7.012046e+01	-1.007572e+00	2.438268e-02	7.022522e-01
4	0.794475	2.943934e-01	7.052935e+01	-1.065314e+00	1.996917e-01	7.055563e-01
1	0.277531	2.979451e-01	7.018408e+01	-1.013783e+00	4.503775e-02	7.020041e-01
3	0.68623	2.937587e-01	7.040093e+01	-1.051109e+00	1.966143e-01	7.061908e-01
2	1.07393	2.974046e-01	7.043374e+01	-1.051444e+00	1.044848e-01	7.025450e-01
3	1.47913	3.067646e-01	6.971509e+01	-9.695851e-01	-1.842308e-01	6.931839e-01
3	0.821185	2.978458e-01	7.004806e+01	-1.034803e+00	1.537110e-01	7.021032e-01
4	0.596415	3.035779e-01	6.964089e+01	-9.596856e-01	-1.254640e-01	6.963705e-01
2	1.0778	3.016836e-01	6.989665e+01	-9.669843e-01	-1.438894e-01	6.982652e-01
8	0.465259	2.997036e-01	7.000673e+01	-9.794094e-01	-7.696647e-02	7.002453e-01
1	1.70277	2.983024e-01	7.052110e+01	-1.049277e+00	5.146504e-02	7.016473e-01
4	0.846155	2.985296e-01	7.040794e+01	-1.044386e+00	6.848877e-02	7.014199e-01
7	1.39827	3.012424e-01	7.001465e+01	-9.653577e-01	-1.720412e-01	6.987065e-01
16	0.136178	2.981832e-01	7.009392e+01	-1.021306e+00	8.790952e-02	7.017659e-01
1	0.482868	2.972118e-01	7.009854e+01	-1.025881e+00	1.285212e-01	7.027373e-01
8	0.560355	3.024592e-01	6.960811e+01	-9.616519e-01	-7.861635e-02	6.974891e-01
4	1.64899	3.030715e-01	6.978917e+01	-1.012118e+00	3.787426e-02	6.968772e-01
3	1.67534	3.075704e-01	6.985103e+01	-9.752725e-01	-2.155571e-01	6.923783e-01
8	1.88942	3.044498e-01	7.016714e+01	-1.008332e+00	-1.058172e-01	6.954994e-01
18	1.1157	3.021846e-01	7.015554e+01	-1.005907e+00	-5.789117e-02	6.977646e-01
2	1.4568	2.973578e-01	7.055355e+01	-1.064398e+00	1.405038e-01	7.025919e-01
3	2.40129	2.940001e-01	7.039957e+01	-1.017664e+00	8.587208e-02	7.059494e-01
1	2.13378	2.974297e-01	7.036747e+01	-9.999781e-01	-4.918108e-02	7.025198e-01
7	0.51782	2.984846e-01	7.029530e+01	-1.025399e+00	3.124425e-02	7.014647e-01
2	0.683105	3.055020e-01	6.958919e+01	-9.396490e-01	-2.116832e-01	6.944463e-01
4	0.793955	3.014526e-01	6.995096e+01	-9.655920e-01	-1.387824e-01	6.984962e-01
6	0.761905	2.971602e-01	7.046192e+01	-1.059100e+00	1.432276e-01	7.027894e-01
4	1.70077	2.917261e-01	7.031477e+01	-1.055048e+00	2.722110e-01	7.082232e-01
12	0.7085	2.967172e-01	7.010127e+01	-1.035357e+00	1.600068e-01	7.032319e-01
9	0.831265	3.033463e-01	6.981678e+01	-9.555269e-01	-1.712796e-01	6.966023e-01
2	1.35443	3.008269e-01	6.992499e+01	-9.703658e-01	-8.708851e-02	6.991219e-01
4	1.15544	2.985035e-01	7.037826e+01	-1.025659e+00	3.054294e-03	7.014460e-01
4	1.74893	2.928107e-01	7.069958e+01	-1.060916e+00	1.671870e-01	7.071392e-01
11	1.07506	2.948456e-01	7.038418e+01	-1.069450e+00	2.494652e-01	7.051039e-01
4	1.41812	2.983158e-01	7.036813e+01	-1.063614e+00	1.738497e-01	7.016336e-01
9	0.702185	2.991328e-01	7.022228e+01	-1.043334e+00	1.056048e-01	7.008164e-01
1	1.08295	3.029118e-01	7.014715e+01	-1.015702e+00	-5.574433e-02	6.970374e-01
1	1.36705	3.040330e-01	6.991869e+01	-1.018393e+00	1.161350e-02	6.959158e-01
2	2.81713	2.925054e-01	7.023669e+01	-1.035942e+00	2.255455e-01	7.074439e-01
2	1.8977	2.945081e-01	7.009822e+01	-1.019885e+00	1.654655e-01	7.054409e-01
2	1.81841	2.938428e-01	7.021684e+01	-1.010167e+00	1.085580e-01	7.061064e-01
1	2.87364	2.981056e-01	7.033062e+01	-1.012208e+00	1.262331e-02	7.018438e-01
14	1.88326	2.947795e-01	7.074326e+01	-1.076526e+00	1.800386e-01	7.051705e-01
1	0.759945	2.988414e-01	7.038144e+01	-1.040766e+00	5.762092e-02	7.011081e-01
3	0.988625	3.028297e-01	7.012142e+01	-1.024865e+00	-5.969893e-03	6.971194e-01
2	0.95611	3.027376e-01	6.978636e+01	-1.002879e+00	1.409154e-02	6.972110e-01
3	1.35286	3.025941e-01	6.986058e+01	-1.011754e+00	4.524945e-02	6.973546e-01
1	1.30069	2.949727e-01	7.000323e+01	-1.006307e+00	1.088935e-01	7.049762e-01
2	0.91574	2.950228e-01	7.008993e+01	-1.027675e+00	1.667869e-01	7.049263e-01
5	0.9094	2.975454e-01	7.041683e+01	-1.029522e+00	3.289368e-02	7.024041e-01
21	0.333989	2.999148e-01	6.995691e+01	-1.001282e+00	2.871752e-02	7.000340e-01
2	0.979425	2.974281e-01	7.033446e+01	-1.041640e+00	9.400936e-02	7.025213e-01
2	0.0689455	2.994704e-01	7.007174e+01	-1.013529e+00	3.683301e-02	7.004786e-01
8	1.23157	2.998223e-01	7.036841e+01	-1.050447e+00	9.189194e-02	7.001272e-01
15	0.0836615	2.985345e-01	7.009053e+01	-1.016173e+00	5.981211e-02	7.014146e-01
3	1.03374	2.944369e-01	7.047417e+01	-1.058291e+00	1.780566e-01	7.055127e-01
3	1.09314	3.033755e-01	7.005058e+01	-9.771481e-01	-1.741299e-01	6.965735e-01
8	0.938995	3.007071e-01	7.009278e+01	-1.015820e+00	6.551547e-04	6.992420e-01
2	2.414	3.039127e-01	7.027658e+01	-1.038678e+00	-3.037519e-02	6.960366e-01
1	0.59489	3.036084e-01	6.994914e+01	-9.982467e-01	-7.256930e-02	6.963404e-01
4	0.607285	2.970649e-01	6.992769e+01	-1.001393e+00	8.022506e-02	7.028839e-01
15	0.50982	3.008966e-01	6.969137e+01	-9.624526e-01	-7.073875e-02	6.990518e-01
3	0.908215	2.991105e-01	6.993105e+01	-9.752907e-01	-4.161461e-02	7.008383e-01
4	0.90846	2.946409e-01	7.047058e+01	-1.052383e+00	1.731650e-01	7.053088e-01
2	2.03765	2.906215e-01	7.073913e+01	-1.104509e+00	3.558992e-01	7.093285e-01
1	1.37386	2.955178e-01	7.011031e+01	-1.039563e+00	2.078508e-01	7.044312e-01
6	0.484627	3.031759e-01	6.995240e+01	-9.763179e-01	-1.419995e-01	6.967729e-01
3	0.794215	2.967918e-01	7.005380e+01	-1.003505e+00	7.168105e-02	7.031572e-01
4	1.06299	3.053594e-01	6.943590e+01	-9.191050e-01	-2.430521e-01	6.945886e-01
2	1.09498	3.019614e-01	6.958878e+01	-9.323673e-01	-1.713898e-01	6.979869e-01
3	1.4831	2.941930e-01	7.003921e+01	-9.978635e-01	8.678255e-02	7.057560e-01
2	2.61412	2.913933e-01	7.031990e+01	-1.010252e+00	1.111405e-01	7.085561e-01
18	1.58676	2.922870e-01	7.023349e+01	-1.033262e+00	1.942930e-01	7.076622e-01
7	1.90386	2.944515e-01	7.012460e+01	-1.031881e+00	1.704346e-01	7.054977e-01
2	2.798	2.877555e-01	7.063258e+01	-1.084993e+00	3.581270e-01	7.121943e-01
4	1.2163	2.922589e-01	7.061187e+01	-1.070816e+00	2.411269e-01	7.076909e-01
4	0.633625	3.021692e-01	7.000334e+01	-9.979241e-01	-4.059493e-02	6.977798e-01
3	1.21904	2.991627e-01	6.964279e+01	-9.707686e-01	1.119425e-02	7.007857e-01
2	2.43407	2.936272e-01	7.002754e+01	-9.815575e-01	5.037823e-02	7.063218e-01
14	0.94319	2.960493e-01	7.006156e+01	-9.900138e-01	1.927633e-02	7.038997e-01
20	0.85668	2.941526e-01	7.020078e+01	-1.026404e+00	1.576564e-01	7.057966e-01
7	1.83037	2.984883e-01	7.036506e+01	-1.017528e+00	5.270575e-03	7.014612e-01
3	2.40645	3.033932e-01	6.958283e+01	-9.123872e-01	-2.601349e-01	6.965551e-01
4	3.47079	3.081516e-01	6.920877e+01	-8.827430e-01	-3.477028e-01	6.917962e-01
6	1.5574	3.057937e-01	6.951437e+01	-9.486808e-01	-1.471571e-01	6.941545e-01
7	1.6463	3.065827e-01	6.958476e+01	-9.514647e-01	-1.738014e-01	6.933656e-01
8	2.89513	2.999640e-01	6.990849e+01	-9.920481e-01	2.799143e-02	6.999847e-01
2	2.65225	2.933352e-01	7.061772e+01	-1.070451e+00	2.359753e-01	7.066146e-01
5	2.0295	2.969344e-01	7.029208e+01	-1.044194e+00	1.624999e-01	7.030150e-01
2	2.05046	2.999759e-01	7.019385e+01	-9.929778e-01	-6.362549e-02	6.999733e-01
1	1.59016	2.925107e-01	7.049061e+01	-1.037532e+00	1.391607e-01	7.074389e-01
1	0.880595	2.972342e-01	7.001956e+01	-1.020660e+00	1.338581e-01	7.027148e-01
3	0.927395	2.959345e-01	7.024484e+01	-1.047598e+00	1.940802e-01	7.040148e-01
7	1.22557	2.999489e-01	6.979216e+01	-9.760080e-01	-1.082768e-02	6.999997e-01
2	2.51728	3.095699e-01	6.905639e+01	-8.903777e-01	-3.210958e-01	6.903776e-01
5	1.10261	3.056456e-01	6.990095e+01	-9.768390e-01	-1.854081e-01	6.943031e-01
4	2.12304	3.020432e-01	6.947058e+01	-9.603774e-01	-4.757643e-02	6.979050e-01
1	1.19649	3.018884e-01	6.960471e+01	-9.812397e-01	8.629082e-03	6.980599e-01
4	1.03537	3.030975e-01	6.991954e+01	-1.001823e+00	-1.720850e-02	6.968513e-01
12	0.380715	2.958883e-01	7.019420e+01	-1.023851e+00	1.171850e-01	7.040609e-01
5	0.83244	3.000563e-01	7.018657e+01	-1.042848e+00	1.092341e-01	6.998929e-01
2	0.747855	2.989912e-01	7.006297e+01	-1.023920e+00	1.025857e-01	7.009578e-01
5	0.487769	2.998098e-01	7.011466e+01	-1.004079e+00	-2.616502e-02	7.001393e-01
1	0.605965	3.007817e-01	7.023282e+01	-1.030168e+00	2.480657e-02	6.991675e-01
6	0.489936	2.999402e-01	7.022828e+01	-1.023399e+00	2.808224e-02	7.000091e-01
5	1.10546	3.049700e-01	6.999934e+01	-9.892292e-01	-1.412916e-01	6.949789e-01
3	0.75994	3.043205e-01	6.975720e+01	-9.693916e-01	-1.175706e-01	6.956280e-01
5	0.93998	3.037439e-01	6.994248e+01	-9.732748e-01	-1.509685e-01	6.962050e-01
7	1.53528	2.962718e-01	7.032134e+01	-1.007258e+00	1.923852e-02	7.036776e-01
2	0.425252	2.975239e-01	7.016102e+01	-1.033934e+00	1.338920e-01	7.024252e-01
7	1.12075	3.028632e-01	6.986108e+01	-1.006708e+00	2.064537e-02	6.970856e-01
2	0.45185	3.018646e-01	7.008451e+01	-1.017552e+00	-1.189945e-04	6.980845e-01
3	0.865205	3.068177e-01	6.967399e+01	-9.530183e-01	-2.250346e-01	6.931307e-01
2	0.431145	3.033914e-01	6.988238e+01	-9.746953e-01	-1.372051e-01	6.965574e-01
10	0.177371	3.007730e-01	7.003470e+01	-9.988355e-01	-3.667834e-02	6.991760e-01
10	0.401925	3.021186e-01	6.996847e+01	-9.867177e-01	-7.488820e-02	6.978303e-01
15	0.320379	2.984908e-01	7.017366e+01	-1.019580e+00	6.113488e-02	7.014584e-01
6	0.256863	3.000022e-01	6.981274e+01	-9.781292e-01	-2.876055e-02	6.999465e-01
5	1.2125	2.969827e-01	7.006893e+01	-9.826405e-01	-1.606926e-02	7.029664e-01
1	0.127995	3.020842e-01	6.994379e+01	-9.867616e-01	-7.675397e-02	6.978647e-01
1	0.434967	2.958808e-01	7.032382e+01	-1.046728e+00	1.641047e-01	7.040686e-01
4	0.77595	2.974081e-01	6.997719e+01	-1.021038e+00	1.290165e-01	7.025408e-01
9	0.66966	3.021543e-01	7.002306e+01	-9.912878e-01	-9.647390e-02	6.977947e-01
10	0.98615	2.956911e-01	7.049948e+01	-1.041245e+00	9.829990e-02	7.042585e-01
11	0.358812	3.013241e-01	6.993903e+01	-1.005995e+00	6.520223e-03	6.986247e-01
9	0.806315	3.037237e-01	6.976031e+01	-9.720709e-01	-1.236672e-01	6.962249e-01
3	1.76109	3.016185e-01	7.012064e+01	-1.027225e+00	1.210448e-02	6.983306e-01
2	1.85492	3.094795e-01	6.922744e+01	-9.130927e-01	-2.875080e-01	6.904683e-01
1	0.63901	3.007031e-01	7.009477e+01	-9.853009e-01	-1.007057e-01	6.992460e-01
4	0.987245	2.987044e-01	6.999196e+01	-9.751704e-01	-7.465548e-02	7.012445e-01
7	0.49197	2.963412e-01	7.014985e+01	-1.019407e+00	9.178480e-02	7.036080e-01
5	0.193352	2.983062e-01	7.005822e+01	-1.004917e+00	2.861610e-02	7.016428e-01
6	0.279261	2.992275e-01	6.995819e+01	-1.010628e+00	6.967570e-02	7.007213e-01
5	0.475397	2.993179e-01	6.981785e+01	-9.881202e-01	2.670259e-02	7.006307e-01
10	0.585835	3.009102e-01	7.002552e+01	-1.017913e+00	5.084333e-02	6.990388e-01
3	1.74567	3.006872e-01	7.015552e+01	-1.038781e+00	1.031118e-01	6.992620e-01
4	1.19487	3.065650e-01	6.979061e+01	-9.758343e-01	-1.563077e-01	6.933837e-01
1	1.26334	3.007049e-01	6.964221e+01	-9.445881e-01	-1.260600e-01	6.992435e-01
1	1.10777	2.955428e-01	7.049594e+01	-1.064653e+00	1.951306e-01	7.044069e-01
3	1.83129	2.957750e-01	7.021127e+01	-1.055217e+00	2.372284e-01	7.041742e-01
4	3.07237	2.947022e-01	7.065435e+01	-1.109298e+00	3.326010e-01	7.052477e-01
1	2.1795	2.938318e-01	7.056642e+01	-1.097097e+00	3.240924e-01	7.061180e-01
2	1.33778	2.984531e-01	7.020355e+01	-1.047141e+00	1.605850e-01	7.014961e-01
9	1.80868	3.029806e-01	7.009415e+01	-1.021702e+00	1.035539e-02	6.969684e-01
2	0.85955	2.980511e-01	7.024054e+01	-1.055111e+00	1.732244e-01	7.018982e-01
2	0.72116	2.988332e-01	7.031187e+01	-1.023822e+00	1.169942e-02	7.011162e-01
8	0.475783	3.036290e-01	6.974526e+01	-9.616476e-01	-1.330016e-01	6.963196e-01
1	1.75199	3.060474e-01	6.945073e+01	-9.400183e-01	-1.650747e-01	6.939008e-01
1	1.38722	2.974109e-01	7.000593e+01	-9.932398e-01	4.161095e-02	7.025380e-01
4	1.2208	3.042216e-01	6.976822e+01	-9.462337e-01	-2.074178e-01	6.957270e-01
13	1.15332	3.041771e-01	6.955153e+01	-9.250444e-01	-2.248150e-01	6.957712e-01
4	1.46148	2.958715e-01	6.992164e+01	-9.981156e-01	1.039873e-01	7.040773e-01
1	1.28479	2.930547e-01	7.027052e+01	-1.051711e+00	2.473598e-01	7.068946e-01
9	1.2074	2.927041e-01	7.030751e+01	-1.052604e+00	2.415547e-01	7.072452e-01
2	2.7384	2.937631e-01	7.025302e+01	-1.055117e+00	2.277124e-01	7.061862e-01
1	2.67563	2.983471e-01	6.987163e+01	-1.006633e+00	6.802215e-02	7.016017e-01
3	2.01214	2.980235e-01	6.975847e+01	-1.003637e+00	1.072443e-01	7.019251e-01
1	3.03062	2.980055e-01	7.031183e+01	-1.065024e+00	1.644609e-01	7.019439e-01
4	1.40875	2.931982e-01	7.025959e+01	-1.031500e+00	1.831387e-01	7.067511e-01
6	0.292627	2.961843e-01	7.017280e+01	-1.026950e+00	1.252036e-01	7.037649e-01
5	0.276657	2.984750e-01	7.019400e+01	-1.013676e+00	1.890651e-02	7.014742e-01
9	0.82514	2.957042e-01	7.045885e+01	-1.064756e+00	1.859098e-01	7.042454e-01
1	0.721155	3.013108e-01	7.012735e+01	-1.031084e+00	4.668543e-02	6.986383e-01
3	0.634325	3.005796e-01	7.018817e+01	-1.012422e+00	-1.206046e-02	6.993696e-01
1	0.332981	2.983651e-01	7.023034e+01	-1.021369e+00	5.207654e-02	7.015842e-01
1	0.50157	3.041922e-01	6.962545e+01	-9.446958e-01	-1.786570e-01	6.957562e-01
5	1.23052	3.060688e-01	6.955269e+01	-9.527079e-01	-1.811012e-01	6.938794e-01
1	1.03202	3.063735e-01	6.983048e+01	-9.673437e-01	-2.095171e-01	6.935752e-01
11	0.69905	3.027845e-01	6.995634e+01	-1.013948e+00	5.484054e-03	6.971644e-01
1	1.20443	3.048178e-01	6.972755e+01	-9.925323e-01	-3.697376e-02	6.951308e-01
1	0.938775	3.017848e-01	6.981748e+01	-1.005910e+00	3.217611e-02	6.981638e-01
8	1.32583	3.019446e-01	6.978294e+01	-9.425375e-01	-2.017929e-01	6.980040e-01
3	1.90438	3.071515e-01	6.981486e+01	-9.490770e-01	-3.037760e-01	6.927971e-01
1	2.05214	3.054022e-01	6.969308e+01	-9.260122e-01	-3.177543e-01	6.945463e-01
5	1.25188	3.057133e-01	6.987179e+01	-9.662966e-01	-1.992778e-01	6.942355e-01
3	1.47873	3.001653e-01	7.041638e+01	-1.051628e+00	7.332676e-02	6.997842e-01
3	1.14618	3.006676e-01	7.013906e+01	-1.042136e+00	1.106558e-01	6.992815e-01
7	0.6053	2.992436e-01	7.016663e+01	-1.041012e+00	1.219186e-01	7.007055e-01
47	0.115478	2.992948e-01	7.015686e+01	-1.016193e+00	3.082311e-02	7.006543e-01
9	0.201567	3.033556e-01	6.978460e+01	-9.717344e-01	-1.120182e-01	6.965931e-01
4	1.39796	3.073922e-01	6.954825e+01	-9.351607e-01	-2.477243e-01	6.925560e-01
2	1.73443	3.021691e-01	6.980032e+01	-9.766501e-01	-4.802767e-02	6.977795e-01
2	1.65133	2.937575e-01	7.049390e+01	-1.072599e+00	2.613882e-01	7.061921e-01
2	0.187658	3.013336e-01	6.995016e+01	-9.827969e-01	-7.211565e-02	6.986152e-01
8	0.691025	2.995421e-01	6.982424e+01	-1.002875e+00	6.816311e-02	7.004065e-01
1	0.497403	2.959295e-01	7.027224e+01	-1.040178e+00	1.426970e-01	7.040198e-01
2	0.283894	2.973307e-01	7.018424e+01	-1.009685e+00	3.699758e-02	7.026185e-01
4	0.222346	2.971847e-01	7.010652e+01	-1.021267e+00	1.051645e-01	7.027644e-01
3	0.746605	3.029257e-01	7.004171e+01	-1.013111e+00	-3.079436e-02	6.970233e-01
5	0.752135	3.003006e-01	6.975243e+01	-9.542237e-01	-1.080467e-01	6.996480e-01
1	1.16963	2.979459e-01	7.002048e+01	-1.036601e+00	1.629411e-01	7.020031e-01
4	2.00351	2.949909e-01	7.035184e+01	-1.082416e+00	3.001340e-01	7.049586e-01
3	1.83181	2.961070e-01	7.066613e+01	-1.090531e+00	2.142873e-01	7.038429e-01
1	2.82945	2.937262e-01	7.079118e+01	-1.106389e+00	2.740284e-01	7.062239e-01
4	3.62432	2.965991e-01	7.061850e+01	-1.097415e+00	2.259780e-01	7.033507e-01
1	2.18305	3.003367e-01	7.048914e+01	-1.069318e+00	9.888828e-02	6.996130e-01
2	0.70457	2.987907e-01	7.033674e+01	-1.027928e+00	2.217678e-02	7.011588e-01
2	0.590195	3.038341e-01	6.988360e+01	-9.680484e-01	-1.713210e-01	6.961147e-01
6	1.81759	3.046297e-01	6.943250e+01	-9.553736e-01	-7.862845e-02	6.953184e-01
2	0.290571	3.014959e-01	6.981685e+01	-9.933022e-01	-2.236352e-03	6.984528e-01
3	1.89562	2.982622e-01	6.972713e+01	-1.001997e+00	1.106336e-01	7.016863e-01
12	1.65116	2.989600e-01	6.972716e+01	-1.002416e+00	1.021817e-01	7.009885e-01
7	1.03016	3.040115e-01	6.968952e+01	-9.671930e-01	-1.278768e-01	6.959369e-01
2	1.11801	3.004226e-01	7.031258e+01	-1.013419e+00	-5.662185e-02	6.995268e-01
4	1.702	3.080171e-01	6.964635e+01	-9.254578e-01	-3.437593e-01	6.919313e-01
1	1.12244	3.046751e-01	6.949604e+01	-9.255986e-01	-2.328950e-01	6.952731e-01
5	0.602625	3.005939e-01	6.975304e+01	-9.692362e-01	-6.378617e-02	6.993547e-01
2	0.28745	3.031883e-01	6.969096e+01	-9.673777e-01	-9.317842e-02	6.967602e-01
6	0.116495	2.999956e-01	7.003159e+01	-1.011322e+00	3.714133e-02	6.999534e-01
3	0.380214	3.012120e-01	6.981444e+01	-9.675968e-01	-8.339664e-02	6.987366e-01
5	3.24994	2.918890e-01	7.040838e+01	-1.023647e+00	1.480092e-01	7.080605e-01
1	3.0662	2.892840e-01	7.075442e+01	-1.113835e+00	4.152180e-01	7.106660e-01
3	2.7477	2.885361e-01	7.075420e+01	-1.104067e+00	3.920660e-01	7.114139e-01
13	1.08706	2.958367e-01	6.999066e+01	-1.021171e+00	1.613784e-01	7.041123e-01
9	0.342791	3.015797e-01	6.982732e+01	-9.867994e-01	-3.865698e-02	6.983690e-01
1	0.786595	3.066182e-01	6.953104e+01	-9.426156e-01	-2.131653e-01	6.933300e-01
2	0.435094	2.983319e-01	7.016295e+01	-1.003936e+00	-6.774273e-03	7.016172e-01
11	0.747055	3.009451e-01	6.968355e+01	-9.579762e-01	-9.125884e-02	6.990034e-01
4	0.84615	2.934183e-01	7.038964e+01	-1.040636e+00	1.703982e-01	7.065311e-01
20	0.853855	2.937414e-01	7.027611e+01	-1.026420e+00	1.423154e-01	7.062080e-01
8	0.89955	2.975969e-01	7.006393e+01	-9.813362e-01	-3.784948e-02	7.023521e-01
3	1.33699	2.998080e-01	7.022879e+01	-9.905506e-01	-9.787412e-02	7.001413e-01
10	1.50022	3.052170e-01	7.002219e+01	-9.768388e-01	-2.075386e-01	6.947320e-01
2	0.385669	3.019924e-01	6.987998e+01	-9.679867e-01	-1.198651e-01	6.979563e-01
4	0.252238	3.010568e-01	7.002652e+01	-9.898747e-01	-7.239953e-02	6.988921e-01
5	0.434618	3.016480e-01	6.978899e+01	-9.852530e-01	-1.727418e-02	6.983006e-01
1	0.508525	3.034463e-01	6.998733e+01	-9.918747e-01	-9.451998e-02	6.965026e-01
2	0.677325	3.036172e-01	7.000709e+01	-9.974446e-01	-9.377086e-02	6.963318e-01
8	0.442362	3.008957e-01	7.007625e+01	-1.006055e+00	-2.901324e-02	6.990534e-01
4	0.92354	2.966841e-01	7.003576e+01	-9.906558e-01	2.927740e-02	7.032649e-01
7	2.15259	3.000445e-01	6.966281e+01	-9.442147e-01	-9.267980e-02	6.999040e-01
3	1.84005	3.074469e-01	6.919715e+01	-9.024272e-01	-2.783375e-01	6.925008e-01
1	1.07523	2.984011e-01	6.978308e+01	-9.964249e-01	8.294936e-02	7.015475e-01
1	0.270757	3.017841e-01	6.987358e+01	-9.846992e-01	-6.457030e-02	6.981646e-01
1	0.59643	3.009213e-01	6.969206e+01	-9.566768e-01	-8.555686e-02	6.990271e-01
5	1.10181	3.035312e-01	6.977284e+01	-9.923555e-01	-4.575585e-02	6.964174e-01
4	1.011	3.027900e-01	6.955831e+01	-9.661520e-01	-5.821992e-02	6.971583e-01
7	0.400971	2.990457e-01	6.991863e+01	-9.944563e-01	1.269246e-02	7.009031e-01
3	0.985335	2.945116e-01	7.017860e+01	-1.032289e+00	1.641366e-01	7.054376e-01
1	0.840695	2.951307e-01	7.019602e+01	-1.040335e+00	1.785011e-01	7.048185e-01
4	0.250164	2.991262e-01	6.987947e+01	-9.921658e-01	2.033435e-02	7.008226e-01
5	1.2088	2.985325e-01	7.006525e+01	-1.039617e+00	1.460324e-01	7.014165e-01
1	0.762325	3.024860e-01	6.978936e+01	-9.964062e-01	-9.551394e-03	6.974627e-01
2	2.23551	2.953549e-01	6.983213e+01	-1.007791e+00	1.645471e-01	7.045938e-01
1	1.44815	2.981873e-01	6.986035e+01	-1.018988e+00	1.456559e-01	7.017614e-01
10	0.93104	2.984761e-01	7.000511e+01	-1.028256e+00	1.235615e-01	7.014728e-01
16	0.812195	3.037952e-01	6.982407e+01	-9.711579e-01	-1.483422e-01	6.961535e-01
1	0.396816	2.972258e-01	7.033526e+01	-1.029773e+00	6.747332e-02	7.027236e-01
5	0.92461	2.961142e-01	7.009785e+01	-9.970831e-01	2.871757e-02	7.038349e-01
9	0.634475	2.958141e-01	7.009845e+01	-1.002720e+00	6.081097e-02	7.041350e-01
6	0.517105	2.960956e-01	7.010920e+01	-1.003711e+00	5.794175e-02	7.038535e-01
7	1.03005	3.036818e-01	6.956800e+01	-9.661488e-01	-8.151905e-02	6.962665e-01
8	1.37064	3.046374e-01	6.952704e+01	-9.614257e-01	-1.097349e-01	6.953108e-01
8	0.819715	2.988261e-01	7.007659e+01	-9.802725e-01	-7.572054e-02	7.011229e-01
1	0.80212	2.978935e-01	7.006924e+01	-9.840614e-01	-3.190507e-02	7.020555e-01
2	0.80542	3.059763e-01	6.961030e+01	-9.383685e-01	-2.326168e-01	6.939720e-01
1	0.158761	2.990104e-01	7.000895e+01	-9.936067e-01	-1.103602e-02	7.009386e-01
5	1.40319	3.024354e-01	6.950917e+01	-9.424477e-01	-1.315880e-01	6.975128e-01
2	1.07315	3.016324e-01	6.987633e+01	-9.525590e-01	-1.820425e-01	6.983164e-01
3	0.709855	3.036806e-01	6.994075e+01	-9.697802e-01	-1.725155e-01	6.962683e-01
8	1.37166	3.043466e-01	6.963017e+01	-9.219089e-01	-2.775335e-01	6.956018e-01
1	0.96558	3.038007e-01	7.005655e+01	-1.006943e+00	-7.777011e-02	6.961483e-01
2	2.57045	3.058185e-01	6.949230e+01	-9.318592e-01	-2.494020e-01	6.941296e-01
1	0.69191	3.020868e-01	6.982328e+01	-9.558378e-01	-1.634373e-01	6.978618e-01
5	0.412928	3.004593e-01	7.007978e+01	-1.026662e+00	6.443407e-02	6.994897e-01
15	0.2728	3.034083e-01	6.984780e+01	-9.827093e-01	-8.473775e-02	6.965404e-01
18	0.200954	3.015533e-01	7.001705e+01	-1.005601e+00	-1.974854e-02	6.983957e-01
5	0.1411	3.021110e-01	6.989111e+01	-9.941970e-01	-3.210922e-02	6.978378e-01
8	0.385835	3.035732e-01	6.967508e+01	-9.658156e-01	-9.852448e-02	6.963752e-01
9	0.398429	2.990796e-01	7.013541e+01	-1.031088e+00	8.788146e-02	7.008695e-01
5	0.126295	3.002629e-01	6.997539e+01	-1.002506e+00	1.703245e-02	6.996860e-01
3	0.421	2.961302e-01	7.027735e+01	-1.022006e+00	8.102186e-02	7.038191e-01
2	1.31239	3.007348e-01	6.996968e+01	-1.032469e+00	1.085744e-01	6.992140e-01
3	2.2148	2.950543e-01	7.048799e+01	-1.096977e+00	3.150050e-01	7.048953e-01
7	2.29316	2.892394e-01	7.074955e+01	-1.076063e+00	2.727097e-01	7.107106e-01
3	2.28938	2.945593e-01	7.075091e+01	-1.059664e+00	1.121430e-01	7.053907e-01
1	2.23141	2.979510e-01	7.057363e+01	-1.041377e+00	1.325426e-02	7.019988e-01
2	2.47035	3.008597e-01	7.046659e+01	-1.038069e+00	-2.645100e-03	6.990899e-01
3	0.521775	2.991263e-01	7.031629e+01	-1.040006e+00	7.494261e-02	7.008231e-01
1	0.78278	2.989432e-01	7.005337e+01	-9.945054e-01	-4.374059e-04	7.010058e-01
6	1.05554	3.046904e-01	6.962662e+01	-9.602234e-01	-1.177780e-01	6.952580e-01
3	2.21848	3.079539e-01	6.965564e+01	-9.385788e-01	-2.766248e-01	6.919945e-01
3	2.6534	3.075143e-01	6.960374e+01	-9.699610e-01	-1.252746e-01	6.924341e-01
3	2.26614	3.102008e-01	6.951345e+01	-9.378496e-01	-2.886839e-01	6.897474e-01
6	1.38136	3.074347e-01	6.956127e+01	-9.583002e-01	-1.670166e-01	6.925136e-01
4	1.03536	2.968264e-01	7.020016e+01	-1.051209e+00	2.000490e-01	7.031229e-01
1	0.91972	2.998433e-01	6.982592e+01	-1.008415e+00	8.694845e-02	7.001054e-01
7	1.69901	3.012802e-01	6.965970e+01	-9.985728e-01	6.759009e-02	6.986682e-01
3	1.66628	2.977614e-01	7.013864e+01	-1.052372e+00	1.843555e-01	7.021878e-01
10	1.40273	2.929591e-01	7.051110e+01	-1.078844e+00	2.723431e-01	7.069905e-01
1	0.466386	2.968934e-01	7.029003e+01	-1.048858e+00	1.548855e-01	7.030559e-01
5	0.178519	3.009606e-01	6.996189e+01	-1.007811e+00	1.939491e-02	6.989883e-01
2	0.187955	2.994440e-01	6.988028e+01	-9.841173e-01	-1.466019e-02	7.005048e-01
5	0.511215	3.045057e-01	6.972216e+01	-9.652581e-01	-1.475494e-01	6.954429e-01
2	0.670445	3.025793e-01	6.979328e+01	-9.936812e-01	-2.310257e-02	6.973693e-01
3	2.02359	3.021166e-01	6.967734e+01	-9.667872e-01	-9.534411e-02	6.978319e-01
9	0.68816	3.021527e-01	6.988183e+01	-9.923433e-01	-5.130099e-02	6.977960e-01
4	0.161904	3.006427e-01	6.991148e+01	-1.000375e+00	1.802218e-02	6.993061e-01
1	1.16943	3.067952e-01	6.971747e+01	-9.769425e-01	-1.467654e-01	6.931533e-01
4	1.95902	3.031894e-01	7.000287e+01	-9.987145e-01	-9.666774e-02	6.967596e-01
1	1.53597	2.968285e-01	7.040137e+01	-1.047454e+00	1.039602e-01	7.031210e-01
6	1.09463	2.975091e-01	7.025535e+01	-1.042864e+00	1.183437e-01	7.024402e-01
4	0.787415	2.968802e-01	7.013646e+01	-9.927450e-01	-2.970647e-03	7.030689e-01
7	1.65264	3.038339e-01	6.979978e+01	-9.674291e-01	-1.182633e-01	6.961148e-01
2	1.34545	3.039817e-01	6.963718e+01	-9.657363e-01	-8.263582e-02	6.959667e-01
2	0.57944	2.996272e-01	6.993897e+01	-9.862121e-01	-3.874617e-02	7.003216e-01
1	0.862545	3.013548e-01	6.963864e+01	-9.773333e-01	-8.903375e-03	6.985936e-01
4	0.564055	3.041739e-01	6.956130e+01	-9.528952e-01	-1.286545e-01	6.957743e-01
3	0.269161	3.008131e-01	6.977629e+01	-9.687098e-01	-6.598477e-02	6.991355e-01
10	0.628135	2.977077e-01	7.040210e+01	-1.041046e+00	8.541881e-02	7.022418e-01
2	0.460058	2.986652e-01	7.008416e+01	-9.889133e-01	-3.764975e-02	7.012839e-01
2	0.651165	3.012307e-01	6.967961e+01	-9.522367e-01	-1.041763e-01	6.987177e-01
3	1.92251	3.067771e-01	6.931349e+01	-8.922458e-01	-3.429974e-01	6.931708e-01
1	1.1177	3.049103e-01	7.001574e+01	-9.925838e-01	-1.413674e-01	6.950387e-01
6	1.16212	3.070641e-01	6.975181e+01	-9.585636e-01	-2.374074e-01	6.928845e-01
3	1.35732	3.073117e-01	6.977051e+01	-9.780966e-01	-1.684028e-01	6.926369e-01
8	0.135063	2.983174e-01	6.999995e+01	-1.004689e+00	5.208988e-02	7.016315e-01
3	1.11367	3.007501e-01	7.025938e+01	-1.006992e+00	-7.606810e-02	6.991992e-01
6	1.27969	2.967207e-01	7.051837e+01	-1.078880e+00	2.095021e-01	7.032289e-01
2	1.63182	2.903881e-01	7.060879e+01	-1.072508e+00	2.808646e-01	7.095617e-01
1	1.61473	2.955062e-01	7.048274e+01	-1.048941e+00	1.485522e-01	7.044435e-01
2	0.856005	2.992942e-01	6.983160e+01	-9.634655e-01	-6.528859e-02	7.006545e-01
1	0.435447	2.995817e-01	7.007511e+01	-9.942889e-01	-4.430565e-02	7.003673e-01
6	1.3966	2.985393e-01	7.007980e+01	-9.805846e-01	-8.081450e-02	7.014097e-01
2	1.85642	3.018233e-01	6.974531e+01	-9.368559e-01	-2.143040e-01	6.981252e-01
5	1.35227	2.973255e-01	6.986121e+01	-9.635648e-01	-4.487044e-02	7.026232e-01
4	1.11159	2.969197e-01	6.990662e+01	-9.754085e-01	-9.583487e-03	7.030291e-01
1	2.59413	2.936099e-01	6.993669e+01	-1.011778e+00	1.867567e-01	7.063390e-01
1	2.79852	2.907998e-01	7.012189e+01	-1.016715e+00	1.936350e-01	7.091493e-01
3	2.71515	2.878516e-01	7.083216e+01	-1.097271e+00	3.584810e-01	7.120986e-01
1	2.33379	2.925060e-01	7.069529e+01	-1.092891e+00	2.744468e-01	7.074439e-01
4	2.02377	2.900399e-01	7.071632e+01	-1.092152e+00	3.330851e-01	7.099101e-01
1	2.01966	2.958551e-01	7.049816e+01	-1.086574e+00	2.446385e-01	7.040945e-01
1	2.55716	2.913747e-01	7.063276e+01	-1.104790e+00	3.769755e-01	7.085751e-01
1	2.64448	2.952185e-01	6.992884e+01	-1.035149e+00	2.352165e-01	7.047303e-01
8	0.82634	2.942929e-01	7.033914e+01	-1.052841e+00	2.012371e-01	7.056565e-01
7	1.91399	2.905150e-01	7.075308e+01	-1.076666e+00	2.544827e-01	7.094350e-01
6	1.43579	2.927520e-01	7.045043e+01	-1.031810e+00	1.321372e-01	7.071976e-01
11	1.10415	2.934430e-01	7.035036e+01	-1.029778e+00	1.311085e-01	7.065064e-01
2	1.38245	2.961548e-01	6.996340e+01	-9.794996e-01	1.707073e-02	7.037941e-01
7	1.22177	2.944798e-01	7.006577e+01	-1.004446e+00	1.091113e-01	7.054693e-01
9	1.21012	2.918975e-01	7.046748e+01	-1.065993e+00	2.638280e-01	7.080521e-01
13	0.121426	2.999953e-01	7.010702e+01	-1.004459e+00	-1.401098e-02	6.999537e-01
9	0.62269	3.004800e-01	6.971707e+01	-9.762544e-01	-9.316626e-03	6.994685e-01
1	0.9644	2.985684e-01	6.987607e+01	-9.988571e-01	4.597682e-02	7.013803e-01
2	0.9008	3.007072e-01	6.966537e+01	-9.776365e-01	-6.789389e-03	6.992412e-01
4	0.6779	3.014268e-01	6.972384e+01	-9.812883e-01	-2.658996e-02	6.985217e-01
2	0.956735	3.013247e-01	6.964176e+01	-9.676962e-01	-3.162807e-02	6.986237e-01
3	0.85657	2.967940e-01	7.020257e+01	-1.021789e+00	9.990652e-02	7.031552e-01
4	0.406079	2.999310e-01	6.995355e+01	-9.747773e-01	-7.706648e-02	7.000178e-01
15	0.62445	2.974595e-01	7.008471e+01	-9.982106e-01	2.901904e-02	7.024895e-01
1	1.46627	3.031493e-01	7.000479e+01	-9.928999e-01	-7.363212e-02	6.967996e-01
4	0.934445	2.962241e-01	7.053879e+01	-1.059026e+00	1.347639e-01	7.037256e-01
1	0.708485	2.974018e-01	6.993578e+01	-9.878008e-01	3.130855e-02	7.025471e-01
2	0.220952	3.002267e-01	6.998270e+01	-9.821809e-01	-6.644875e-02	6.997222e-01
16	0.97861	3.008657e-01	6.998207e+01	-9.681440e-01	-1.231261e-01	6.990832e-01
1	1.00995	2.969279e-01	7.047950e+01	-1.052172e+00	1.251570e-01	7.030217e-01
4	0.680955	2.995375e-01	6.999065e+01	-1.008068e+00	2.762595e-02	7.004114e-01
1	1.74954	2.976509e-01	7.063142e+01	-1.075269e+00	1.412378e-01	7.022989e-01
2	1.01788	2.991284e-01	7.031607e+01	-1.020401e+00	-1.167234e-02	7.008210e-01
3	0.97127	3.023810e-01	7.015528e+01	-1.006646e+00	-6.270572e-02	6.975681e-01
3	0.388678	3.037932e-01	6.989646e+01	-9.869687e-01	-9.269057e-02	6.961556e-01
5	1.05116	3.006220e-01	7.011939e+01	-1.020103e+00	4.404647e-02	6.993271e-01
3	1.38349	2.957660e-01	7.030471e+01	-1.058451e+00	2.231799e-01	7.041834e-01
3	1.41253	2.915553e-01	7.048774e+01	-1.062605e+00	2.600228e-01	7.083943e-01
7	0.509615	2.967014e-01	7.041689e+01	-1.049142e+00	1.277147e-01	7.032482e-01
10	1.14559	2.955408e-01	7.035999e+01	-1.022974e+00	5.894214e-02	7.044086e-01
1	1.08727	3.033328e-01	6.967118e+01	-9.308675e-01	-2.285768e-01	6.966157e-01
2	1.41647	3.031783e-01	6.981641e+01	-9.449498e-01	-2.060379e-01	6.967703e-01
4	1.56987	3.054656e-01	6.972507e+01	-9.520363e-01	-1.919817e-01	6.944829e-01
7	1.02997	3.028956e-01	6.990426e+01	-9.631684e-01	-1.577866e-01	6.970532e-01
4	1.53835	3.001308e-01	6.965939e+01	-9.774427e-01	2.473670e-02	6.998176e-01
10	1.33146	2.962536e-01	7.055272e+01	-1.082083e+00	2.207971e-01	7.036961e-01
4	1.06676	3.002954e-01	7.018553e+01	-1.047013e+00	1.198382e-01	6.996538e-01
1	1.40454	3.015153e-01	6.970177e+01	-9.902172e-01	3.349394e-02	6.984332e-01
1	1.32745	2.972483e-01	7.009595e+01	-1.038769e+00	1.804043e-01	7.027008e-01
1	1.18236	2.991012e-01	6.997960e+01	-1.006739e+00	6.685682e-02	7.008477e-01
2	1.25273	2.944123e-01	7.033652e+01	-1.067940e+00	2.635675e-01	7.055371e-01
11	0.2881	2.992420e-01	6.992975e+01	-1.007592e+00	6.432891e-02	7.007068e-01
1	1.02418	3.000636e-01	7.015806e+01	-9.918021e-01	-6.887593e-02	6.998856e-01
1	1.94373	3.100529e-01	6.953072e+01	-9.236586e-01	-3.562443e-01	6.898954e-01
1	1.07329	3.070248e-01	6.949906e+01	-9.213769e-01	-2.933988e-01	6.929234e-01
3	0.911855	3.018600e-01	6.961508e+01	-9.434814e-01	-1.274578e-01	6.980884e-01
3	0.884845	3.042070e-01	6.961995e+01	-9.340625e-01	-2.275117e-01	6.957414e-01
9	0.82727	2.975965e-01	7.033775e+01	-1.019218e+00	1.384257e-02	7.023529e-01
5	0.647715	3.000037e-01	7.029789e+01	-1.024775e+00	4.372437e-03	6.999456e-01
3	0.74595	2.963171e-01	7.047636e+01	-1.063302e+00	1.684436e-01	7.036325e-01
6	0.6262	2.964989e-01	7.020169e+01	-1.036725e+00	1.550698e-01	7.034503e-01
2	0.470342	2.976640e-01	7.023512e+01	-1.041952e+00	1.396069e-01	7.022852e-01
5	1.26365	3.055975e-01	6.979434e+01	-9.963139e-01	-7.094005e-02	6.943512e-01
1	1.74818	3.063940e-01	6.979584e+01	-1.000397e+00	-6.595733e-02	6.935547e-01
1	1.23897	3.081067e-01	6.964604e+01	-9.549299e-01	-2.343228e-01	6.918418e-01
14	1.77918	3.079764e-01	6.977901e+01	-9.645715e-01	-2.482182e-01	6.919722e-01
6	0.15866	3.005318e-01	7.005034e+01	-1.012846e+00	2.637670e-02	6.994172e-01
3	0.89444	3.049648e-01	6.992441e+01	-9.945232e-01	-9.663140e-02	6.949841e-01
1	0.936825	3.065860e-01	6.967840e+01	-9.418794e-01	-2.591438e-01	6.933625e-01
1	0.848265	3.050667e-01	6.988754e+01	-9.808783e-01	-1.360971e-01	6.948821e-01
2	0.74167	2.984731e-01	7.015523e+01	-1.005413e+00	1.874724e-02	7.014760e-01
2	0.973555	2.981272e-01	7.022249e+01	-1.044647e+00	1.502967e-01	7.018221e-01
12	0.792165	3.032477e-01	6.994354e+01	-9.909112e-01	-7.059245e-02	6.967011e-01
7	0.917915	2.985568e-01	7.039292e+01	-1.038308e+00	6.514512e-02	7.013927e-01
1	0.397232	3.020544e-01	7.005505e+01	-1.012654e+00	-1.406602e-02	6.978946e-01
3	0.40428	2.974956e-01	7.035762e+01	-1.039336e+00	9.066607e-02	7.024539e-01
4	2.02196	2.917395e-01	7.047861e+01	-1.049849e+00	1.928962e-01	7.082102e-01
5	1.12969	2.974883e-01	7.012175e+01	-9.838112e-01	-4.056159e-02	7.024608e-01
2	1.42155	2.992880e-01	7.020088e+01	-9.890902e-01	-7.630630e-02	7.006612e-01
3	1.5488	2.977305e-01	7.018332e+01	-1.007115e+00	3.871434e-02	7.022187e-01
11	1.29363	2.996479e-01	7.015629e+01	-9.960918e-01	-3.718333e-02	7.003012e-01
4	0.315875	2.978995e-01	7.026015e+01	-1.041369e+00	1.194419e-01	7.020498e-01
6	0.599315	2.995572e-01	7.019900e+01	-1.000335e+00	-4.940436e-02	7.003920e-01
5	0.400054	3.038029e-01	6.980350e+01	-9.753207e-01	-1.040717e-01	6.961458e-01
13	0.287197	3.010762e-01	7.012183e+01	-1.016644e+00	3.005161e-03	6.988729e-01
3	1.13637	2.960879e-01	7.049564e+01	-1.076823e+00	2.219244e-01	7.038618e-01
2	2.17263	3.030933e-01	7.028413e+01	-1.047417e+00	3.271732e-02	6.968560e-01
1	0.368798	3.035613e-01	6.989925e+01	-9.916994e-01	-7.126069e-02	6.963875e-01
7	0.355664	3.021151e-01	6.996394e+01	-9.773671e-01	-1.169581e-01	6.978338e-01
3	0.763865	2.997816e-01	7.001563e+01	-9.741830e-01	-1.024076e-01	7.001673e-01
5	0.0171407	3.007278e-01	6.995232e+01	-9.965132e-01	-1.262695e-02	6.992211e-01
1	0.30076	3.019174e-01	7.001310e+01	-1.006820e+00	-1.244445e-02	6.980315e-01
