1	1.71939	3.043479e-01	6.972679e+01	-1.002231e+00	1.057006e-02	6.956007e-01
6	1.99747	2.993653e-01	7.032805e+01	-1.006176e+00	-4.649401e-02	7.005841e-01
4	1.0452	2.984588e-01	7.014092e+01	-9.949556e-01	-1.526807e-02	7.014903e-01
22	0.901865	2.962412e-01	7.042635e+01	-1.028528e+00	5.706731e-02	7.037083e-01
9	1.14373	2.990167e-01	7.003600e+01	-9.856772e-01	-2.789951e-02	7.009323e-01
5	0.95943	2.974120e-01	6.998415e+01	-9.753282e-01	-3.672289e-02	7.025369e-01
3	1.18118	3.002020e-01	6.967256e+01	-9.588886e-01	-4.997116e-02	6.997465e-01
7	1.18293	2.960195e-01	7.059196e+01	-1.073225e+00	1.755564e-01	7.039303e-01
1	2.19851	2.936674e-01	7.081775e+01	-1.103905e+00	2.678684e-01	7.062827e-01
1	3.0128	2.948752e-01	7.091582e+01	-1.113179e+00	2.562928e-01	7.050751e-01
27	0.0421062	2.986609e-01	7.009717e+01	-1.008668e+00	3.094384e-02	7.012882e-01
1	0.483646	2.997218e-01	6.976159e+01	-9.809543e-01	4.450588e-03	7.002268e-01
6	0.277917	3.028193e-01	6.979369e+01	-9.683874e-01	-1.081884e-01	6.971294e-01
3	0.669915	3.058865e-01	6.966082e+01	-9.587143e-01	-1.686384e-01	6.940619e-01
2	1.43515	3.058061e-01	6.977755e+01	-9.888767e-01	-1.069365e-01	6.941425e-01
1	1.60344	3.007771e-01	7.025509e+01	-1.047546e+00	7.155730e-02	6.991721e-01
2	1.79025	2.922343e-01	7.041492e+01	-1.072127e+00	2.843126e-01	7.077153e-01
1	2.01666	2.935704e-01	7.061100e+01	-1.073215e+00	2.047383e-01	7.063794e-01
7	1.95964	2.943883e-01	7.044153e+01	-1.069284e+00	2.200718e-01	7.055612e-01
1	1.69356	2.943434e-01	7.015725e+01	-1.030698e+00	1.601940e-01	7.056057e-01
2	0.395294	2.975712e-01	7.030966e+01	-1.034210e+00	7.936231e-02	7.023781e-01
6	1.15841	3.042666e-01	6.999663e+01	-9.755348e-01	-1.908488e-01	6.956823e-01
3	1.73858	3.045057e-01	7.005245e+01	-9.740840e-01	-2.215753e-01	6.954433e-01
3	1.51316	3.028755e-01	7.014374e+01	-9.834602e-01	-1.646960e-01	6.970736e-01
3	1.42172	2.975827e-01	7.049740e+01	-1.037084e+00	3.209318e-02	7.023669e-01
5	2.07594	2.958914e-01	7.019622e+01	-1.014637e+00	5.573406e-02	7.040578e-01
8	0.916675	2.941908e-01	7.037223e+01	-1.049808e+00	1.805496e-01	7.057586e-01
3	0.913535	2.963035e-01	7.039562e+01	-1.067712e+00	2.119641e-01	7.036460e-01
2	1.23612	3.006147e-01	6.971539e+01	-9.465671e-01	-1.390202e-01	6.993338e-01
1	1.35048	2.938086e-01	7.036649e+01	-1.025934e+00	1.224249e-01	7.061409e-01
2	0.477714	2.982057e-01	7.033519e+01	-1.034702e+00	6.227451e-02	7.017437e-01
1	0.67037	3.023025e-01	7.002663e+01	-9.920235e-01	-9.749626e-02	6.976465e-01
1	0.99777	3.008623e-01	6.998365e+01	-9.958630e-01	-4.683652e-02	6.990866e-01
1	0.99052	2.962987e-01	7.015029e+01	-1.019232e+00	8.534228e-02	7.036504e-01
5	0.535755	2.955566e-01	7.035406e+01	-1.035760e+00	1.124803e-01	7.043928e-01
9	0.639945	3.035768e-01	6.991366e+01	-9.795666e-01	-1.358322e-01	6.963720e-01
19	0.222715	2.988316e-01	7.005493e+01	-1.010500e+00	3.827692e-02	7.011174e-01
3	0.993085	2.985248e-01	7.032944e+01	-1.055451e+00	1.301163e-01	7.014246e-01
4	2.34307	2.925541e-01	7.041140e+01	-1.085171e+00	3.265935e-01	7.073954e-01
7	0.453269	2.987642e-01	6.998555e+01	-1.008720e+00	5.074648e-02	7.011847e-01
1	0.67528	2.996479e-01	6.983182e+01	-1.004008e+00	6.762614e-02	7.003008e-01
3	0.459684	2.994784e-01	7.022179e+01	-1.024953e+00	2.957502e-02	7.004708e-01
9	0.6499	2.955687e-01	7.010352e+01	-1.027020e+00	1.522611e-01	7.043804e-01
2	0.519275	3.046465e-01	6.970370e+01	-9.657744e-01	-1.421002e-01	6.953020e-01
3	0.90349	3.046003e-01	6.988859e+01	-9.749118e-01	-1.690745e-01	6.953484e-01
1	1.0917	2.994920e-01	7.042183e+01	-1.046332e+00	5.390350e-02	7.004575e-01
2	2.0064	3.002440e-01	7.025538e+01	-9.846122e-01	-1.409017e-01	6.997053e-01
8	1.14826	2.994045e-01	6.997104e+01	-9.647081e-01	-1.048194e-01	7.005444e-01
3	0.444121	3.001438e-01	6.991953e+01	-9.838597e-01	-5.056928e-02	6.998050e-01
2	0.56701	3.003812e-01	6.977250e+01	-9.699874e-01	-6.197797e-02	6.995674e-01
9	0.94105	2.981969e-01	6.995457e+01	-1.018427e+00	1.055010e-01	7.017519e-01
2	1.50524	2.963412e-01	6.995200e+01	-9.708169e-01	-2.425513e-02	7.036076e-01
5	0.61576	2.999568e-01	6.983036e+01	-9.927477e-01	1.287230e-02	6.999919e-01
2	0.778075	2.977861e-01	7.010690e+01	-1.024296e+00	8.869733e-02	7.021629e-01
6	1.05252	2.978662e-01	6.995512e+01	-9.938576e-01	1.644254e-02	7.020826e-01
6	0.322882	3.034103e-01	6.969041e+01	-9.558593e-01	-1.443991e-01	6.965382e-01
13	1.03426	3.030055e-01	6.994684e+01	-1.014150e+00	1.774627e-02	6.969434e-01
3	2.38903	3.081289e-01	6.953246e+01	-9.777444e-01	-1.077439e-01	6.918193e-01
2	2.07532	2.987523e-01	7.008335e+01	-1.051646e+00	2.014438e-01	7.011968e-01
5	0.98809	2.998333e-01	6.974576e+01	-9.529748e-01	-9.163611e-02	7.001153e-01
6	0.78526	3.017011e-01	6.971693e+01	-9.646808e-01	-6.947311e-02	6.982474e-01
12	0.9255	2.998577e-01	6.966935e+01	-9.601512e-01	-4.416182e-02	7.000908e-01
3	0.61044	2.975752e-01	7.014797e+01	-9.977344e-01	-9.264779e-03	7.023740e-01
8	1.33732	2.921635e-01	7.037231e+01	-1.033109e+00	1.685122e-01	7.077860e-01
3	0.88191	2.975169e-01	6.999898e+01	-9.917380e-01	3.087226e-02	7.024320e-01
10	0.476374	2.955726e-01	7.020757e+01	-1.033980e+00	1.470735e-01	7.043767e-01
1	0.528155	3.008767e-01	6.971868e+01	-9.575468e-01	-9.037631e-02	6.990718e-01
1	0.382934	3.024721e-01	6.976348e+01	-9.636708e-01	-1.080088e-01	6.974765e-01
2	0.585895	2.962371e-01	7.003477e+01	-1.009943e+00	9.393093e-02	7.037118e-01
2	0.383798	3.013329e-01	6.997639e+01	-9.764151e-01	-1.106134e-01	6.986160e-01
3	0.941785	2.959483e-01	7.005895e+01	-9.898366e-01	2.445262e-02	7.040007e-01
5	1.04399	2.932060e-01	7.053785e+01	-1.068066e+00	2.238913e-01	7.067437e-01
5	1.18633	3.001393e-01	6.994138e+01	-9.831672e-01	-6.782237e-02	6.998096e-01
2	0.565735	2.942727e-01	7.035884e+01	-1.043790e+00	1.700182e-01	7.056768e-01
3	0.239562	2.992597e-01	7.007554e+01	-9.956175e-01	-2.847037e-02	7.006893e-01
2	1.39075	3.028905e-01	7.016470e+01	-1.009420e+00	-6.230196e-02	6.970587e-01
4	1.37988	2.968576e-01	7.012455e+01	-9.900598e-01	-2.357646e-02	7.030915e-01
3	1.7118	2.949910e-01	7.043050e+01	-1.020625e+00	6.236830e-02	7.049586e-01
10	1.47216	2.984440e-01	7.006766e+01	-9.695813e-01	-1.000403e-01	7.015050e-01
4	2.37597	2.949226e-01	7.016092e+01	-9.824986e-01	-1.972904e-02	7.050266e-01
4	0.912705	3.042016e-01	6.946503e+01	-9.327516e-01	-1.739280e-01	6.957466e-01
7	0.73019	2.989438e-01	7.000241e+01	-9.825610e-01	-3.360562e-02	7.010051e-01
13	0.71288	2.973500e-01	6.999671e+01	-9.918319e-01	3.210995e-02	7.025989e-01
5	0.72137	2.948971e-01	7.018853e+01	-1.023195e+00	1.232834e-01	7.050521e-01
3	0.622905	2.942338e-01	7.030089e+01	-1.032907e+00	1.492486e-01	7.057156e-01
21	0.247108	2.981559e-01	6.999540e+01	-9.920844e-01	1.009057e-02	7.017930e-01
6	0.623625	2.964120e-01	7.007532e+01	-1.007353e+00	6.675093e-02	7.035370e-01
3	0.333751	2.958081e-01	7.023293e+01	-1.023807e+00	1.039074e-01	7.041411e-01
5	1.18851	2.931890e-01	7.049140e+01	-1.077050e+00	2.713476e-01	7.067607e-01
3	1.85746	2.910990e-01	7.075138e+01	-1.095808e+00	3.173964e-01	7.088510e-01
3	2.42286	2.938864e-01	7.068229e+01	-1.107792e+00	3.300815e-01	7.060635e-01
1	0.743735	3.012949e-01	6.990966e+01	-9.792286e-01	-6.214638e-02	6.986539e-01
4	0.452947	2.988651e-01	7.013090e+01	-1.022890e+00	8.012940e-02	7.010840e-01
8	1.11259	2.998633e-01	6.989811e+01	-1.015225e+00	9.921952e-02	7.000855e-01
4	0.974575	2.975512e-01	7.006495e+01	-1.034946e+00	1.649897e-01	7.023978e-01
11	1.2335	2.974740e-01	7.018703e+01	-9.974492e-01	-4.572932e-05	7.024752e-01
3	0.936935	3.067148e-01	6.972381e+01	-9.574721e-01	-2.126526e-01	6.932337e-01
3	0.81131	3.058937e-01	6.976929e+01	-9.574056e-01	-2.102985e-01	6.940549e-01
20	0.323811	3.012348e-01	6.982125e+01	-9.891829e-01	-5.689301e-03	6.987139e-01
4	1.01164	3.006694e-01	7.025148e+01	-1.016332e+00	-4.008755e-02	6.992799e-01
7	0.9702	3.033038e-01	7.002773e+01	-1.006063e+00	-4.191166e-02	6.966452e-01
7	1.28345	3.033612e-01	6.947842e+01	-9.458069e-01	-1.046332e-01	6.965870e-01
2	0.90473	3.006093e-01	6.974332e+01	-9.672549e-01	-4.582185e-02	6.993392e-01
2	0.55746	3.015011e-01	6.973528e+01	-9.711010e-01	-4.979993e-02	6.984475e-01
4	1.23093	2.999074e-01	6.996694e+01	-1.021458e+00	1.048824e-01	7.000414e-01
1	1.93878	3.002338e-01	6.977731e+01	-9.908703e-01	4.663730e-02	6.997148e-01
9	1.30906	3.067207e-01	6.950381e+01	-9.376687e-01	-2.088395e-01	6.932275e-01
2	0.362038	3.000740e-01	6.977801e+01	-9.808181e-01	-1.092622e-02	6.998746e-01
1	0.888885	3.000112e-01	6.988168e+01	-9.822761e-01	-1.572150e-02	6.999376e-01
4	0.323631	3.030742e-01	6.971061e+01	-9.695998e-01	-8.463746e-02	6.968743e-01
3	0.54483	3.010194e-01	6.995841e+01	-9.757023e-01	-9.062772e-02	6.989294e-01
6	0.535695	3.054191e-01	6.961546e+01	-9.484586e-01	-1.915608e-01	6.945292e-01
2	0.589725	3.020123e-01	6.979910e+01	-9.803438e-01	-6.727613e-02	6.979363e-01
3	1.78733	2.942281e-01	7.064934e+01	-1.065497e+00	1.573577e-01	7.057217e-01
2	1.0209	3.039311e-01	6.983404e+01	-9.477147e-01	-2.320837e-01	6.960176e-01
3	2.04154	3.066657e-01	6.969916e+01	-9.210624e-01	-3.587672e-01	6.932827e-01
1	3.69754	3.051110e-01	7.028421e+01	-1.005846e+00	-1.991611e-01	6.948383e-01
1	2.98588	3.085803e-01	6.984952e+01	-9.434651e-01	-3.724877e-01	6.913684e-01
3	2.4735	3.072453e-01	6.994550e+01	-9.581790e-01	-3.105497e-01	6.927036e-01
5	2.35712	3.039795e-01	7.027545e+01	-1.026577e+00	-8.081215e-02	6.959698e-01
4	0.79918	3.020398e-01	7.015613e+01	-1.027835e+00	1.292167e-02	6.979093e-01
3	0.66123	3.007180e-01	7.018002e+01	-1.034154e+00	5.416996e-02	6.992312e-01
1	1.00486	2.994672e-01	7.036391e+01	-1.032179e+00	3.153396e-02	7.004823e-01
2	1.21999	3.001098e-01	7.024937e+01	-1.002140e+00	-8.020858e-02	6.998395e-01
1	1.61481	2.969560e-01	7.046219e+01	-1.033292e+00	3.521509e-02	7.029936e-01
5	0.820455	2.985658e-01	7.031883e+01	-1.025429e+00	1.889227e-02	7.013836e-01
2	1.02952	3.058798e-01	6.957806e+01	-9.247182e-01	-2.776985e-01	6.940685e-01
3	0.86014	3.057846e-01	6.959079e+01	-9.430981e-01	-2.200223e-01	6.941637e-01
3	0.5666	3.037889e-01	6.974151e+01	-9.807809e-01	-7.939479e-02	6.961596e-01
4	1.05039	3.073585e-01	6.952073e+01	-9.513893e-01	-1.895001e-01	6.925897e-01
1	1.16416	3.037625e-01	6.941863e+01	-9.309655e-01	-1.647517e-01	6.961856e-01
2	0.372474	3.025718e-01	6.977911e+01	-9.614603e-01	-1.246937e-01	6.973768e-01
2	1.24009	2.972757e-01	7.001832e+01	-9.959869e-01	4.963160e-02	7.026733e-01
2	1.42164	3.036484e-01	6.952817e+01	-9.234486e-01	-2.097150e-01	6.962998e-01
3	1.43379	2.985403e-01	6.992241e+01	-9.574388e-01	-1.077349e-01	7.014086e-01
5	0.833275	2.991552e-01	6.976572e+01	-9.602970e-01	-6.095438e-02	7.007934e-01
2	0.810385	3.012449e-01	7.008945e+01	-1.011288e+00	4.801533e-03	6.987041e-01
6	1.14626	2.971294e-01	7.049956e+01	-1.053202e+00	1.194203e-01	7.028203e-01
4	0.537905	2.955571e-01	7.024146e+01	-1.021014e+00	8.986639e-02	7.043921e-01
5	0.327936	2.969449e-01	7.023343e+01	-1.038357e+00	1.303175e-01	7.030043e-01
1	1.74201	2.934108e-01	7.050819e+01	-1.089133e+00	3.143528e-01	7.065389e-01
1	1.5453	2.966604e-01	7.047213e+01	-1.083991e+00	2.375384e-01	7.032892e-01
20	0.96684	2.996675e-01	7.000929e+01	-1.032891e+00	1.292932e-01	7.002815e-01
5	0.877675	2.986005e-01	6.980757e+01	-9.657963e-01	-4.912046e-02	7.013482e-01
2	0.885295	2.998045e-01	6.974258e+01	-9.779490e-01	-1.458744e-02	7.001441e-01
3	1.5015	2.967179e-01	7.053813e+01	-1.055171e+00	1.006743e-01	7.032318e-01
1	0.95951	2.993391e-01	7.021193e+01	-9.958684e-01	-5.942432e-02	7.006101e-01
1	0.206531	2.991029e-01	7.002087e+01	-1.015245e+00	7.222283e-02	7.008460e-01
19	0.402818	3.000411e-01	7.017766e+01	-1.025068e+00	4.730899e-02	6.999081e-01
7	0.495137	3.046802e-01	6.970087e+01	-9.653509e-01	-1.293451e-01	6.952683e-01
4	1.87171	3.066810e-01	6.980113e+01	-9.972641e-01	-7.988488e-02	6.932676e-01
5	1.34508	3.082207e-01	6.957260e+01	-9.500100e-01	-2.223143e-01	6.917276e-01
8	0.86431	3.062451e-01	6.972496e+01	-9.733247e-01	-1.501182e-01	6.937034e-01
11	1.94486	3.077075e-01	6.953341e+01	-9.636562e-01	-1.672696e-01	6.922407e-01
2	1.66264	2.997274e-01	7.028938e+01	-1.043167e+00	6.171385e-02	7.002220e-01
1	1.83617	3.066736e-01	6.970555e+01	-9.823068e-01	-1.302856e-01	6.932749e-01
7	1.54293	3.063758e-01	6.967372e+01	-9.622185e-01	-1.941176e-01	6.935726e-01
2	1.54326	3.012473e-01	7.003959e+01	-9.734150e-01	-1.550727e-01	6.987017e-01
1	0.609905	3.008318e-01	6.969494e+01	-9.561880e-01	-9.435100e-02	6.991167e-01
9	0.50974	3.035221e-01	6.971784e+01	-9.500127e-01	-1.804611e-01	6.964264e-01
3	0.742015	2.980390e-01	7.001729e+01	-9.845022e-01	-1.470537e-02	7.019099e-01
11	0.62624	2.976092e-01	6.990278e+01	-1.000453e+00	7.961928e-02	7.023396e-01
19	0.365328	3.008188e-01	6.973549e+01	-9.769766e-01	-2.577349e-02	6.991297e-01
6	0.303096	2.983615e-01	6.999920e+01	-1.004122e+00	5.519968e-02	7.015874e-01
2	0.94943	3.004049e-01	6.967111e+01	-9.492669e-01	-1.061351e-01	6.995435e-01
2	0.82745	3.027356e-01	6.994571e+01	-9.791997e-01	-1.329353e-01	6.972132e-01
1	0.75167	3.016896e-01	6.995740e+01	-1.000289e+00	-3.571641e-02	6.982592e-01
10	0.200059	3.013026e-01	6.977134e+01	-9.702293e-01	-7.006058e-02	6.986460e-01
7	1.01164	3.066243e-01	6.940539e+01	-9.288355e-01	-2.221413e-01	6.933237e-01
3	1.1002	2.996443e-01	6.965555e+01	-9.542292e-01	-5.883839e-02	7.003041e-01
6	1.21521	3.038751e-01	6.992761e+01	-9.636023e-01	-2.098569e-01	6.960737e-01
2	1.41756	3.021496e-01	6.996383e+01	-9.765775e-01	-1.422175e-01	6.977993e-01
5	1.58591	3.019941e-01	7.009845e+01	-1.007367e+00	-6.494605e-02	6.979550e-01
5	1.4412	2.929463e-01	7.055760e+01	-1.082600e+00	2.736373e-01	7.070034e-01
2	2.07138	2.900723e-01	7.062666e+01	-1.066355e+00	2.496067e-01	7.098775e-01
1	1.97481	2.931497e-01	7.022294e+01	-1.019063e+00	1.236431e-01	7.067995e-01
1	0.466915	3.030316e-01	6.978065e+01	-9.588979e-01	-1.436539e-01	6.969170e-01
13	1.19402	3.036379e-01	6.947314e+01	-9.236830e-01	-1.974217e-01	6.963103e-01
10	2.06814	3.081363e-01	6.969235e+01	-9.293602e-01	-3.609862e-01	6.918122e-01
1	2.35539	3.080031e-01	6.981061e+01	-9.797213e-01	-1.730195e-01	6.919455e-01
16	1.11577	3.076034e-01	6.946203e+01	-9.213672e-01	-2.943924e-01	6.923448e-01
1	1.30817	3.031366e-01	6.949364e+01	-9.321148e-01	-1.779457e-01	6.968115e-01
5	0.262497	2.982359e-01	7.004541e+01	-1.009805e+00	5.036238e-02	7.017131e-01
1	0.892665	2.933421e-01	7.028029e+01	-1.040737e+00	1.953586e-01	7.066072e-01
3	0.723065	2.952800e-01	7.025543e+01	-1.022368e+00	1.105085e-01	7.046693e-01
1	0.54931	2.970228e-01	7.028646e+01	-1.014942e+00	3.186960e-02	7.029266e-01
1	0.71662	2.968867e-01	7.037600e+01	-1.055013e+00	1.488899e-01	7.030628e-01
3	1.25527	2.952257e-01	7.051450e+01	-1.076109e+00	2.179497e-01	7.047240e-01
9	1.29895	2.967501e-01	7.058227e+01	-1.061564e+00	1.182518e-01	7.031997e-01
1	4.08646	2.894670e-01	7.086699e+01	-1.113789e+00	3.950178e-01	7.104832e-01
1	0.980315	2.937735e-01	7.048887e+01	-1.042740e+00	1.412627e-01	7.061761e-01
7	0.137176	2.976041e-01	7.013618e+01	-1.021117e+00	8.881458e-02	7.023451e-01
5	0.0728045	2.993513e-01	6.999032e+01	-1.006129e+00	3.625477e-02	7.005976e-01
2	0.9561	3.058254e-01	6.944417e+01	-9.264789e-01	-2.326549e-01	6.941227e-01
1	1.42501	3.030404e-01	6.951464e+01	-9.366679e-01	-1.684010e-01	6.969078e-01
2	1.70376	3.008198e-01	6.949250e+01	-9.601072e-01	-2.201713e-02	6.991284e-01
11	2.21008	2.979760e-01	7.008048e+01	-1.053541e+00	2.225371e-01	7.019730e-01
2	1.3155	3.010008e-01	7.017994e+01	-1.044117e+00	1.009202e-01	6.989484e-01
5	0.75409	3.017606e-01	6.969556e+01	-9.869700e-01	2.827449e-03	6.981879e-01
2	0.95122	3.053934e-01	6.957952e+01	-9.669238e-01	-1.130944e-01	6.945549e-01
8	0.804645	3.000200e-01	6.967821e+01	-9.579313e-01	-6.057356e-02	6.999284e-01
1	0.95635	2.969407e-01	7.034761e+01	-1.022724e+00	5.534017e-02	7.030087e-01
5	0.53375	2.985923e-01	7.032334e+01	-1.033785e+00	6.541135e-02	7.013571e-01
1	0.73894	2.996566e-01	7.009657e+01	-9.904754e-01	-4.637210e-02	7.002925e-01
4	0.62131	3.007047e-01	7.005859e+01	-9.818445e-01	-1.055266e-01	6.992443e-01
1	0.54262	3.029486e-01	6.977921e+01	-9.932523e-01	-2.123336e-02	6.970000e-01
2	0.575125	3.015906e-01	6.977181e+01	-9.526610e-01	-1.400885e-01	6.983580e-01
2	0.895985	3.013280e-01	6.988640e+01	-1.008569e+00	5.025635e-02	6.986207e-01
3	0.879035	2.992049e-01	7.007749e+01	-1.037365e+00	1.375603e-01	7.007442e-01
3	0.670755	3.035512e-01	6.999843e+01	-1.003904e+00	-5.296320e-02	6.963977e-01
1	0.709525	3.044454e-01	6.990115e+01	-9.752574e-01	-1.494400e-01	6.955033e-01
8	0.72683	2.956395e-01	7.032782e+01	-1.026474e+00	9.820304e-02	7.043099e-01
9	0.293009	2.984955e-01	7.016319e+01	-1.004112e+00	-4.782739e-03	7.014537e-01
1	0.380675	3.020132e-01	6.980583e+01	-9.610913e-01	-1.336369e-01	6.979355e-01
9	0.91801	3.072946e-01	6.956417e+01	-9.368051e-01	-2.590664e-01	6.926536e-01
1	1.13657	3.043996e-01	6.978621e+01	-9.474822e-01	-2.376399e-01	6.955491e-01
3	0.718665	3.038032e-01	6.991962e+01	-9.665199e-01	-1.827251e-01	6.961456e-01
12	0.224187	3.024668e-01	6.995017e+01	-9.992441e-01	-3.835411e-02	6.974820e-01
1	1.29785	3.016815e-01	6.953035e+01	-9.351837e-01	-1.445143e-01	6.982668e-01
2	2.20088	3.025326e-01	6.947944e+01	-9.075890e-01	-2.489021e-01	6.974156e-01
4	2.42588	2.939450e-01	7.031825e+01	-9.996154e-01	1.896644e-02	7.060044e-01
1	3.64646	2.972405e-01	7.013452e+01	-9.893663e-01	6.478981e-03	7.027086e-01
2	2.49157	2.967585e-01	7.059113e+01	-1.030680e+00	1.312613e-02	7.031913e-01
2	2.70407	2.969288e-01	7.038608e+01	-9.941144e-01	-7.150228e-02	7.030207e-01
7	1.00625	2.982435e-01	7.034223e+01	-1.016574e+00	-1.142961e-02	7.017059e-01
12	1.30359	2.963412e-01	6.998227e+01	-9.803728e-01	-4.376858e-03	7.036077e-01
2	0.916995	2.991510e-01	6.971440e+01	-9.607480e-01	-4.437921e-02	7.007975e-01
3	0.74285	3.006755e-01	7.026055e+01	-1.016951e+00	-2.535303e-02	6.992738e-01
1	2.81372	3.082366e-01	6.975310e+01	-9.898476e-01	-1.519147e-01	6.917120e-01
2	1.57618	3.048635e-01	6.981837e+01	-1.006248e+00	-2.998584e-02	6.950852e-01
1	1.97314	3.035803e-01	6.949427e+01	-9.700429e-01	-4.661451e-02	6.963679e-01
2	2.17676	3.023210e-01	7.009503e+01	-1.017467e+00	-3.595256e-02	6.976281e-01
1	1.68159	2.997177e-01	7.006807e+01	-1.027936e+00	6.852747e-02	7.002313e-01
19	0.61696	2.980432e-01	7.011979e+01	-1.018193e+00	5.814458e-02	7.019059e-01
2	0.435663	3.030825e-01	6.965867e+01	-9.684731e-01	-7.476684e-02	6.968660e-01
6	0.92986	3.056984e-01	6.983522e+01	-9.599739e-01	-2.222377e-01	6.942503e-01
7	1.28542	2.983767e-01	7.032718e+01	-1.013336e+00	-2.656811e-02	7.015727e-01
4	0.415492	2.999784e-01	6.991497e+01	-9.730016e-01	-8.030697e-02	6.999704e-01
6	0.64492	2.948568e-01	7.032123e+01	-1.027195e+00	1.059338e-01	7.050926e-01
5	0.365642	3.013368e-01	6.988308e+01	-9.997935e-01	1.406925e-02	6.986120e-01
6	0.383441	3.033838e-01	6.986150e+01	-9.679390e-01	-1.521869e-01	6.965650e-01
3	0.540235	3.014997e-01	6.995180e+01	-9.738566e-01	-1.228440e-01	6.984492e-01
2	0.55018	2.983606e-01	7.036119e+01	-1.035730e+00	6.267506e-02	7.015889e-01
13	0.330722	2.997050e-01	7.009567e+01	-1.012124e+00	3.287592e-02	7.002441e-01
32	0.200951	3.004366e-01	7.006770e+01	-9.946539e-01	-4.695170e-02	6.995124e-01
1	0.0191821	2.991268e-01	7.006657e+01	-1.007743e+00	2.550760e-02	7.008222e-01
9	0.424981	2.981255e-01	7.012807e+01	-1.033137e+00	1.169679e-01	7.018236e-01
2	0.410825	2.955354e-01	7.034459e+01	-1.035988e+00	1.233045e-01	7.044140e-01
4	0.30731	3.000011e-01	7.010429e+01	-9.998932e-01	-2.470503e-02	6.999480e-01
2	1.00385	3.010934e-01	7.002833e+01	-1.007632e+00	1.571547e-02	6.988555e-01
15	0.947215	2.998047e-01	7.000044e+01	-1.010309e+00	5.866272e-02	7.001442e-01
7	0.290834	3.028648e-01	6.977209e+01	-9.830905e-01	-5.026722e-02	6.970838e-01
1	0.737205	3.017242e-01	6.959603e+01	-9.608162e-01	-6.533326e-02	6.982242e-01
1	1.31493	3.049701e-01	6.953090e+01	-9.345554e-01	-2.221997e-01	6.949782e-01
1	1.08046	3.064027e-01	6.961219e+01	-9.708545e-01	-1.262129e-01	6.935457e-01
7	0.636575	3.015898e-01	6.988568e+01	-1.000238e+00	-9.250104e-03	6.983589e-01
3	1.237	3.078567e-01	6.941353e+01	-9.381506e-01	-2.171118e-01	6.920914e-01
14	0.200317	3.027029e-01	6.984756e+01	-9.895232e-01	-4.932330e-02	6.972458e-01
16	0.110737	2.994834e-01	7.003301e+01	-9.987608e-01	-9.181218e-03	7.004655e-01
1	0.83027	2.973579e-01	6.996723e+01	-9.867246e-01	2.307774e-03	7.025910e-01
2	0.101365	2.977469e-01	7.013628e+01	-1.015756e+00	6.148772e-02	7.022022e-01
11	0.50385	3.014122e-01	6.976838e+01	-9.650559e-01	-8.121665e-02	6.985364e-01
3	0.87866	3.067121e-01	6.959149e+01	-9.590068e-01	-1.670795e-01	6.932363e-01
1	1.28357	2.991735e-01	7.033546e+01	-1.054643e+00	1.091965e-01	7.007759e-01
7	0.271328	3.002759e-01	6.983686e+01	-9.865744e-01	-1.385978e-02	6.996728e-01
7	0.636645	3.037632e-01	6.976051e+01	-9.490605e-01	-1.937510e-01	6.961854e-01
3	0.53763	2.980079e-01	7.029256e+01	-1.015916e+00	1.348828e-02	7.019415e-01
1	0.872155	3.013206e-01	7.011298e+01	-1.035805e+00	7.503673e-02	6.986285e-01
6	0.672945	2.965203e-01	7.030769e+01	-1.040674e+00	1.413992e-01	7.034291e-01
2	0.830015	3.014036e-01	6.999576e+01	-9.845157e-01	-7.075526e-02	6.985453e-01
1	1.26117	3.038546e-01	6.958404e+01	-9.393330e-01	-1.661242e-01	6.960937e-01
2	1.29129	3.072931e-01	6.974531e+01	-9.594909e-01	-2.388221e-01	6.926554e-01
13	0.845185	3.028869e-01	7.008392e+01	-9.993487e-01	-9.808228e-02	6.970622e-01
1	1.65343	3.032960e-01	6.976688e+01	-9.361225e-01	-2.528751e-01	6.966526e-01
5	1.04405	3.033047e-01	6.981906e+01	-9.738305e-01	-1.298749e-01	6.966440e-01
2	0.76529	2.995068e-01	6.994877e+01	-9.774532e-01	-7.141903e-02	7.004421e-01
3	1.23083	2.942781e-01	7.032386e+01	-1.058948e+00	2.242476e-01	7.056712e-01
10	1.6851	2.922761e-01	7.022873e+01	-1.023916e+00	1.624260e-01	7.076731e-01
13	0.204524	2.982117e-01	7.000440e+01	-1.003199e+00	5.052149e-02	7.017372e-01
5	1.16874	2.996835e-01	6.988024e+01	-1.021028e+00	1.195929e-01	7.002652e-01
4	1.47521	2.979973e-01	6.971696e+01	-9.841430e-01	6.565367e-02	7.019512e-01
1	1.46885	2.942116e-01	7.010489e+01	-1.039608e+00	2.213227e-01	7.057375e-01
3	0.936635	2.980175e-01	7.008706e+01	-1.015741e+00	5.565119e-02	7.019316e-01
2	1.48263	3.040812e-01	6.960840e+01	-9.563627e-01	-1.489389e-01	6.958671e-01
1	1.57154	2.966090e-01	7.021833e+01	-1.054234e+00	1.882322e-01	7.033402e-01
9	1.31827	2.996517e-01	7.014325e+01	-1.018573e+00	1.338830e-02	7.002974e-01
1	1.18569	2.969472e-01	7.032423e+01	-1.013950e+00	7.151337e-03	7.030022e-01
4	1.83674	2.913754e-01	7.029350e+01	-1.026659e+00	1.812939e-01	7.085740e-01
2	1.13353	2.993549e-01	6.972749e+01	-9.688141e-01	-1.304372e-02	7.005936e-01
4	3.15727	2.907224e-01	7.031641e+01	-1.007459e+00	1.174387e-01	7.092270e-01
1	3.44074	2.875327e-01	7.107216e+01	-1.115969e+00	3.647176e-01	7.124178e-01
2	3.28673	2.928541e-01	7.101433e+01	-1.104551e+00	2.331168e-01	7.070963e-01
1	2.49782	2.961419e-01	7.072744e+01	-1.059107e+00	9.261753e-02	7.038080e-01
2	1.38846	2.964758e-01	7.056781e+01	-1.054371e+00	9.811563e-02	7.034740e-01
1	0.97811	3.039277e-01	7.005642e+01	-1.001903e+00	-9.990928e-02	6.960213e-01
6	0.751225	3.056858e-01	6.977103e+01	-9.607302e-01	-2.039473e-01	6.942628e-01
9	0.65947	2.975704e-01	6.993116e+01	-9.972333e-01	4.783326e-02	7.023784e-01
1	0.364634	2.997352e-01	7.013549e+01	-1.029101e+00	6.867188e-02	7.002139e-01
1	0.68678	2.980876e-01	7.033835e+01	-1.055222e+00	1.466611e-01	7.018618e-01
1	0.699445	2.989053e-01	6.993699e+01	-9.831470e-01	-3.471038e-02	7.010435e-01
5	0.874395	2.960595e-01	6.997355e+01	-9.912284e-01	5.355761e-02	7.038894e-01
1	1.54741	3.011346e-01	6.970198e+01	-9.511127e-01	-9.995316e-02	6.988139e-01
6	0.744635	3.027576e-01	6.956307e+01	-9.610899e-01	-7.119946e-02	6.971907e-01
2	0.344133	2.965692e-01	7.008480e+01	-1.018151e+00	1.111748e-01	7.033798e-01
9	0.597275	2.979282e-01	7.029903e+01	-1.044792e+00	1.287723e-01	7.020212e-01
11	1.11563	2.935694e-01	7.026751e+01	-1.019782e+00	1.169058e-01	7.063800e-01
1	1.43675	2.934394e-01	7.020994e+01	-1.010608e+00	1.117862e-01	7.065098e-01
1	0.8778	2.975591e-01	7.022344e+01	-1.022720e+00	8.337104e-02	7.023901e-01
8	0.190711	3.007721e-01	6.984861e+01	-9.800770e-01	-3.953985e-02	6.991766e-01
3	0.564775	2.948109e-01	7.019581e+01	-1.023854e+00	1.315529e-01	7.051383e-01
9	0.486821	3.005367e-01	7.000310e+01	-9.999512e-01	-2.486661e-02	6.994122e-01
1	0.358439	3.002179e-01	6.981187e+01	-9.882930e-01	1.499178e-03	6.997307e-01
1	1.04385	2.987886e-01	7.010118e+01	-1.043660e+00	1.496130e-01	7.011605e-01
11	1.01672	2.943962e-01	7.041833e+01	-1.069897e+00	2.416535e-01	7.055533e-01
1	1.42315	2.988643e-01	7.036389e+01	-1.060096e+00	1.515660e-01	7.010851e-01
9	1.01427	2.973171e-01	7.050144e+01	-1.066711e+00	1.567593e-01	7.026326e-01
1	0.631905	2.986516e-01	7.023116e+01	-1.026683e+00	7.100803e-02	7.012976e-01
3	0.918105	3.037406e-01	6.970241e+01	-9.421596e-01	-1.954062e-01	6.962079e-01
3	0.88437	3.048496e-01	6.958960e+01	-9.291477e-01	-2.464318e-01	6.950987e-01
12	1.21435	3.061703e-01	6.937940e+01	-9.195934e-01	-2.476929e-01	6.937777e-01
3	0.599135	2.955963e-01	7.032935e+01	-1.041100e+00	1.522558e-01	7.043531e-01
7	1.29195	2.914980e-01	7.051971e+01	-1.062809e+00	2.438190e-01	7.084517e-01
3	1.68114	2.997873e-01	6.982856e+01	-1.019202e+00	1.154853e-01	7.001614e-01
1	0.266182	3.031897e-01	6.989838e+01	-9.913712e-01	-6.638539e-02	6.967591e-01
1	1.33068	2.924804e-01	7.061954e+01	-1.085094e+00	2.855380e-01	7.074694e-01
1	0.280465	2.999094e-01	7.007691e+01	-9.921085e-01	-4.816534e-02	7.000397e-01
7	0.409238	2.984535e-01	7.016650e+01	-1.029789e+00	8.398801e-02	7.014957e-01
1	1.41035	2.985180e-01	7.043466e+01	-1.071467e+00	1.635573e-01	7.014315e-01
14	0.85761	2.965934e-01	7.026374e+01	-1.019091e+00	4.962591e-02	7.033559e-01
10	0.751235	2.987431e-01	7.024857e+01	-1.033088e+00	6.243616e-02	7.012062e-01
2	0.58396	3.024093e-01	6.994855e+01	-9.970065e-01	-5.722703e-02	6.975395e-01
1	1.09309	2.979931e-01	7.015215e+01	-1.011979e+00	2.212027e-02	7.019560e-01
4	0.917485	3.016432e-01	6.976531e+01	-9.459703e-01	-1.607178e-01	6.983054e-01
2	0.96891	2.990949e-01	7.013531e+01	-9.833876e-01	-8.493996e-02	7.008542e-01
1	1.33668	2.916574e-01	7.038244e+01	-1.046044e+00	2.173999e-01	7.082921e-01
3	1.49469	2.933296e-01	7.058552e+01	-1.068972e+00	2.301322e-01	7.066202e-01
1	1.20696	2.916752e-01	7.049287e+01	-1.057845e+00	2.329127e-01	7.082744e-01
5	1.16714	3.017586e-01	7.011879e+01	-1.024081e+00	3.659498e-03	6.981905e-01
1	1.25511	3.045921e-01	6.972969e+01	-9.922891e-01	-3.125556e-02	6.953564e-01
2	1.24105	3.000258e-01	6.999154e+01	-1.026761e+00	1.138196e-01	6.999231e-01
3	0.584475	2.952462e-01	7.038214e+01	-1.044074e+00	1.531630e-01	7.047032e-01
5	1.31584	3.050841e-01	6.969162e+01	-9.853537e-01	-7.704163e-02	6.948643e-01
1	1.46243	3.012460e-01	6.991464e+01	-1.008667e+00	1.284959e-02	6.987028e-01
5	1.30461	2.952626e-01	7.031668e+01	-1.043575e+00	1.461978e-01	7.046868e-01
1	2.00345	2.990331e-01	7.018347e+01	-1.018033e+00	6.952337e-03	7.009161e-01
4	2.89025	2.968595e-01	6.973419e+01	-9.617598e-01	-2.385391e-02	7.030890e-01
2	2.44918	2.970206e-01	6.980151e+01	-9.460968e-01	-8.190949e-02	7.029281e-01
1	1.87294	2.927679e-01	7.032398e+01	-1.024183e+00	1.243631e-01	7.071815e-01
1	2.82604	2.933775e-01	7.071903e+01	-1.088904e+00	2.324291e-01	7.065724e-01
5	1.89766	2.931947e-01	7.060201e+01	-1.082874e+00	2.516737e-01	7.067551e-01
12	1.78659	3.069554e-01	6.983236e+01	-9.548720e-01	-2.825115e-01	6.929932e-01
1	1.61334	3.025879e-01	7.005219e+01	-9.752639e-01	-1.806620e-01	6.973611e-01
3	1.74944	3.055321e-01	6.987838e+01	-9.493618e-01	-2.649161e-01	6.944166e-01
4	1.13471	3.025036e-01	6.982779e+01	-9.440747e-01	-2.099343e-01	6.974451e-01
6	0.65483	3.042718e-01	6.964855e+01	-9.387219e-01	-2.127069e-01	6.956766e-01
5	1.32342	3.049948e-01	6.953900e+01	-9.209669e-01	-2.719795e-01	6.949534e-01
2	0.69365	3.001144e-01	6.994820e+01	-9.676004e-01	-1.047822e-01	6.998344e-01
2	2.79378	3.053514e-01	6.967164e+01	-9.116552e-01	-3.337256e-01	6.945971e-01
11	1.93841	3.038313e-01	7.000297e+01	-9.611027e-01	-2.187277e-01	6.961176e-01
3	0.73189	3.048215e-01	6.989950e+01	-9.789284e-01	-1.561907e-01	6.951273e-01
1	1.0407	3.042210e-01	6.994284e+01	-9.757982e-01	-1.755162e-01	6.957279e-01
3	1.88268	2.966776e-01	7.026935e+01	-9.933876e-01	-4.650584e-02	7.032718e-01
1	1.14769	2.979751e-01	7.007342e+01	-9.806513e-01	-6.253028e-02	7.019740e-01
12	0.98681	2.971728e-01	7.008609e+01	-9.843522e-01	-3.165753e-02	7.027763e-01
2	1.26719	2.951584e-01	7.038491e+01	-1.022693e+00	7.928582e-02	7.047911e-01
1	1.32563	3.051319e-01	6.938303e+01	-9.388597e-01	-1.543226e-01	6.948161e-01
3	1.13356	2.964952e-01	6.984853e+01	-9.918710e-01	7.707116e-02	7.034535e-01
3	1.24381	3.063392e-01	6.936426e+01	-9.318393e-01	-1.886654e-01	6.936088e-01
1	0.56496	2.987168e-01	7.031450e+01	-1.023906e+00	1.799251e-02	7.012326e-01
2	0.743325	2.954321e-01	7.043400e+01	-1.036117e+00	1.018182e-01	7.045174e-01
4	0.176194	2.977572e-01	7.015353e+01	-1.024866e+00	9.608144e-02	7.021920e-01
1	0.66357	2.971723e-01	7.027076e+01	-1.034363e+00	9.293164e-02	7.027770e-01
5	0.83986	2.942210e-01	7.049762e+01	-1.049748e+00	1.517806e-01	7.057286e-01
3	0.984975	3.021084e-01	6.975211e+01	-9.503832e-01	-1.679135e-01	6.978402e-01
11	1.04113	3.006317e-01	6.991424e+01	-9.718192e-01	-1.091192e-01	6.993171e-01
1	1.00869	2.998781e-01	6.963821e+01	-9.704414e-01	-4.540251e-03	7.000703e-01
6	0.52817	2.967167e-01	7.005633e+01	-1.019287e+00	1.240202e-01	7.032323e-01
6	1.38557	2.941688e-01	7.019112e+01	-1.002031e+00	6.318871e-02	7.057804e-01
8	1.11108	2.945560e-01	7.026350e+01	-1.014651e+00	9.355550e-02	7.053933e-01
9	1.25547	2.929660e-01	7.042898e+01	-1.045055e+00	1.904476e-01	7.069835e-01
5	1.03756	2.951396e-01	7.025067e+01	-1.010557e+00	7.047606e-02	7.048097e-01
3	1.11653	2.927950e-01	7.059038e+01	-1.077302e+00	2.579586e-01	7.071547e-01
1	0.2481	2.981532e-01	6.997123e+01	-1.000365e+00	4.974418e-02	7.017957e-01
2	1.20673	2.994946e-01	6.966052e+01	-9.598123e-01	-3.332898e-02	7.004538e-01
4	0.50655	2.969075e-01	7.007089e+01	-1.001376e+00	3.826523e-02	7.030415e-01
6	0.378298	3.010608e-01	6.971263e+01	-9.704199e-01	-4.554523e-02	6.988877e-01
2	0.5591	3.005882e-01	6.992160e+01	-1.014280e+00	6.800492e-02	6.993606e-01
16	0.51068	3.009390e-01	6.980308e+01	-9.970243e-01	3.080696e-02	6.990096e-01
6	0.565585	2.995567e-01	6.977087e+01	-9.844038e-01	2.056770e-02	7.003919e-01
6	1.12038	2.982695e-01	7.024964e+01	-9.989804e-01	-3.516114e-02	7.016798e-01
1	1.99914	3.038016e-01	6.974456e+01	-9.232010e-01	-2.884115e-01	6.961469e-01
1	1.14375	2.975402e-01	7.020094e+01	-9.938168e-01	-2.440336e-02	7.024090e-01
2	1.80523	3.038617e-01	6.933661e+01	-9.304451e-01	-1.325387e-01	6.960862e-01
19	0.950495	3.008559e-01	6.960855e+01	-9.661142e-01	-3.432630e-02	6.990925e-01
1	0.95661	3.003256e-01	6.968007e+01	-9.827500e-01	2.598404e-02	6.996229e-01
2	1.40732	2.989935e-01	6.969047e+01	-9.476352e-01	-8.805197e-02	7.009550e-01
1	0.994345	2.981469e-01	6.992280e+01	-9.708719e-01	-4.152795e-02	7.018019e-01
2	1.01084	3.031153e-01	6.968935e+01	-9.578817e-01	-1.122533e-01	6.968332e-01
4	1.23713	2.955373e-01	7.025116e+01	-1.057722e+00	2.174675e-01	7.044120e-01
5	1.06249	2.958146e-01	7.023964e+01	-1.056270e+00	2.239537e-01	7.041347e-01
2	1.00607	3.037172e-01	7.007546e+01	-9.903790e-01	-1.353895e-01	6.962318e-01
2	2.05325	3.054867e-01	7.009017e+01	-9.854052e-01	-2.114247e-01	6.944624e-01
1	2.30992	3.044950e-01	7.024853e+01	-1.009596e+00	-1.368113e-01	6.954543e-01
4	1.81359	3.067049e-01	6.995467e+01	-9.983505e-01	-1.324597e-01	6.932440e-01
5	0.85837	3.004615e-01	7.022560e+01	-1.038414e+00	5.841094e-02	6.994877e-01
3	1.0274	2.957836e-01	7.024700e+01	-1.058426e+00	2.245916e-01	7.041657e-01
11	1.28866	3.013429e-01	6.983747e+01	-9.790253e-01	-7.808690e-02	6.986058e-01
9	0.610885	3.029700e-01	6.980902e+01	-9.952744e-01	-2.764011e-02	6.969786e-01
1	0.929455	2.974737e-01	7.036880e+01	-1.026506e+00	3.143487e-02	7.024758e-01
4	0.761285	2.951126e-01	7.026206e+01	-1.014583e+00	7.732371e-02	7.048367e-01
4	0.337256	2.982961e-01	6.993676e+01	-9.990776e-01	4.264777e-02	7.016527e-01
6	0.217611	3.029989e-01	6.973677e+01	-9.697403e-01	-9.313404e-02	6.969496e-01
5	0.336259	3.025531e-01	6.975193e+01	-9.568123e-01	-1.392182e-01	6.973955e-01
19	0.413403	2.979092e-01	6.994800e+01	-1.002856e+00	7.102085e-02	7.020397e-01
3	0.669975	2.964660e-01	7.005341e+01	-1.015455e+00	1.181451e-01	7.034830e-01
2	0.467493	2.981049e-01	7.000340e+01	-9.897721e-01	5.846135e-03	7.018440e-01
11	1.09395	2.949371e-01	7.054851e+01	-1.047849e+00	1.234939e-01	7.050126e-01
2	0.96009	2.955182e-01	7.045193e+01	-1.059378e+00	1.882973e-01	7.044314e-01
6	0.76207	3.051430e-01	6.987265e+01	-9.708612e-01	-1.761798e-01	6.948057e-01
1	0.54203	3.045225e-01	6.980546e+01	-9.766789e-01	-1.299598e-01	6.954261e-01
9	0.695835	2.980011e-01	7.039537e+01	-1.045702e+00	8.820863e-02	7.019484e-01
2	1.77514	3.080049e-01	6.972389e+01	-9.429618e-01	-3.148026e-01	6.919436e-01
2	0.58996	3.028419e-01	7.002205e+01	-9.859041e-01	-1.246077e-01	6.971071e-01
6	0.356598	2.969771e-01	7.021581e+01	-1.017394e+00	6.827618e-02	7.029722e-01
5	0.489753	3.008327e-01	7.008488e+01	-1.016798e+00	3.071524e-02	6.991163e-01
6	0.449541	3.042915e-01	6.984273e+01	-9.745773e-01	-1.321711e-01	6.956572e-01
10	0.373607	2.970012e-01	7.011471e+01	-1.002214e+00	3.174750e-02	7.029479e-01
3	0.66766	2.992422e-01	6.989267e+01	-9.708449e-01	-6.977952e-02	7.007066e-01
3	0.72343	3.015265e-01	6.965599e+01	-9.456793e-01	-1.335350e-01	6.984219e-01
12	0.178952	2.975289e-01	7.005904e+01	-1.007488e+00	5.686862e-02	7.024201e-01
6	0.50043	3.051619e-01	6.973867e+01	-9.585170e-01	-1.833912e-01	6.947866e-01
2	1.47241	3.044371e-01	6.975199e+01	-9.693018e-01	-1.109206e-01	6.955114e-01
5	1.55789	3.033246e-01	7.001645e+01	-9.738862e-01	-1.588270e-01	6.966243e-01
11	0.597115	2.997263e-01	7.022165e+01	-1.008367e+00	-2.307942e-02	7.002230e-01
6	0.723115	3.014236e-01	6.967218e+01	-9.553366e-01	-9.022001e-02	6.985248e-01
1	0.73055	2.990924e-01	7.014980e+01	-1.026142e+00	8.530645e-02	7.008568e-01
3	0.98378	3.040041e-01	6.993953e+01	-1.007467e+00	-2.812192e-02	6.959448e-01
9	0.912965	3.022931e-01	6.990009e+01	-1.001153e+00	2.490448e-03	6.976556e-01
5	0.82285	3.055628e-01	6.976703e+01	-9.654596e-01	-1.855015e-01	6.943857e-01
9	0.189442	3.031861e-01	6.979884e+01	-9.786736e-01	-8.360920e-02	6.967625e-01
2	1.22908	2.978485e-01	7.025558e+01	-1.054815e+00	1.827126e-01	7.021008e-01
2	0.964325	3.013355e-01	6.990725e+01	-1.010333e+00	5.186470e-02	6.986133e-01
1	0.297159	3.001581e-01	6.995846e+01	-9.975685e-01	-9.930245e-03	6.997907e-01
8	0.292183	2.966318e-01	7.029765e+01	-1.041580e+00	1.350832e-01	7.033176e-01
14	0.0446836	2.991648e-01	6.999383e+01	-1.003541e+00	3.224264e-02	7.007841e-01
4	1.46495	3.054424e-01	6.960258e+01	-9.210126e-01	-3.014091e-01	6.945059e-01
7	0.73278	3.039860e-01	6.972719e+01	-9.731841e-01	-1.124159e-01	6.959626e-01
4	1.26721	3.047037e-01	6.969576e+01	-9.306782e-01	-2.618006e-01	6.952447e-01
3	0.497604	3.015970e-01	6.998393e+01	-9.743876e-01	-1.245593e-01	6.983519e-01
1	0.365418	3.019746e-01	6.997165e+01	-1.004915e+00	-5.991912e-03	6.979743e-01
6	0.41875	3.000899e-01	6.985863e+01	-1.002644e+00	5.027694e-02	6.998588e-01
1	0.69596	3.007295e-01	6.985926e+01	-9.854245e-01	-4.221808e-02	6.992193e-01
22	0.285807	3.011433e-01	6.976325e+01	-9.823159e-01	-1.903405e-02	6.988053e-01
2	1.15576	3.001665e-01	6.998641e+01	-9.711935e-01	-1.211530e-01	6.997824e-01
3	1.1442	3.057186e-01	6.983891e+01	-9.593912e-01	-2.352318e-01	6.942301e-01
4	1.49057	2.983956e-01	6.993060e+01	-1.006252e+00	5.517668e-02	7.015532e-01
13	1.06495	2.982505e-01	7.000480e+01	-1.024225e+00	1.089967e-01	7.016985e-01
10	0.945465	2.965779e-01	7.000184e+01	-1.001444e+00	5.924808e-02	7.033711e-01
7	0.878195	3.002510e-01	6.989539e+01	-9.686464e-01	-7.877863e-02	6.996977e-01
27	0.42598	3.013386e-01	7.012068e+01	-1.000179e+00	-6.085340e-02	6.986105e-01
3	0.53844	2.996698e-01	7.024925e+01	-1.037652e+00	7.838385e-02	7.002795e-01
2	0.7822	2.973832e-01	7.024615e+01	-1.009349e+00	6.033326e-03	7.025661e-01
2	0.185491	2.970037e-01	7.024968e+01	-1.029610e+00	9.701188e-02	7.029456e-01
1	0.452584	2.977495e-01	7.029972e+01	-1.045280e+00	1.207011e-01	7.021998e-01
14	0.677545	2.959128e-01	7.027749e+01	-1.022472e+00	7.501169e-02	7.040366e-01
4	0.77306	2.989842e-01	6.987664e+01	-9.995900e-01	4.223278e-02	7.009645e-01
4	0.397705	3.041238e-01	6.973139e+01	-9.548403e-01	-1.725999e-01	6.958247e-01
1	1.54605	3.049185e-01	6.985471e+01	-9.751074e-01	-1.326104e-01	6.950302e-01
8	3.41258	2.999893e-01	6.998551e+01	-9.782391e-01	-4.443789e-02	6.999596e-01
4	2.59051	2.962159e-01	7.049523e+01	-1.046678e+00	1.295597e-01	7.037337e-01
11	0.787845	2.951716e-01	7.015592e+01	-1.011163e+00	8.381381e-02	7.047775e-01
4	1.17365	3.054916e-01	6.947041e+01	-9.176782e-01	-2.691802e-01	6.944565e-01
4	0.572185	2.962861e-01	7.019227e+01	-1.009429e+00	4.690239e-02	7.036631e-01
8	0.224863	3.006985e-01	7.006253e+01	-1.013138e+00	2.212347e-02	6.992506e-01
7	0.261983	2.988513e-01	7.000362e+01	-1.014198e+00	6.919056e-02	7.010976e-01
2	0.787935	3.016118e-01	6.989668e+01	-9.894588e-01	-5.766280e-02	6.983370e-01
6	0.67437	3.039758e-01	6.957901e+01	-9.375985e-01	-1.930736e-01	6.959725e-01
2	1.60807	3.098130e-01	6.941292e+01	-9.206871e-01	-3.244077e-01	6.901351e-01
2	0.79952	3.067334e-01	6.959873e+01	-9.435902e-01	-2.346840e-01	6.932149e-01
9	0.62716	3.055089e-01	6.978300e+01	-9.747963e-01	-1.441802e-01	6.944398e-01
3	0.9293	2.995111e-01	7.036082e+01	-1.030793e+00	1.060686e-02	7.004384e-01
12	1.41153	3.042461e-01	7.012859e+01	-9.985324e-01	-1.338577e-01	6.957030e-01
6	1.38233	3.026851e-01	7.012603e+01	-9.849033e-01	-1.446219e-01	6.972640e-01
8	1.3016	3.047458e-01	6.996409e+01	-1.008052e+00	-4.855299e-02	6.952031e-01
1	1.7533	3.060354e-01	7.003487e+01	-9.963014e-01	-1.589126e-01	6.939136e-01
1	0.670005	3.036662e-01	6.985277e+01	-9.833273e-01	-1.060257e-01	6.962825e-01
3	0.327346	3.033489e-01	6.967143e+01	-9.659638e-01	-9.614860e-02	6.965995e-01
10	0.74468	2.982043e-01	7.023120e+01	-1.000936e+00	-2.856086e-02	7.017449e-01
6	0.227362	2.964621e-01	7.017683e+01	-1.023942e+00	1.059066e-01	7.034870e-01
9	0.50661	3.013009e-01	6.972284e+01	-9.542615e-01	-1.143462e-01	6.986477e-01
11	0.828275	3.039633e-01	6.962550e+01	-9.327021e-01	-2.211514e-01	6.959851e-01
6	0.620255	3.028419e-01	6.972304e+01	-9.815923e-01	-3.512356e-02	6.971067e-01
3	0.5317	2.979526e-01	7.009579e+01	-1.016916e+00	8.691936e-02	7.019965e-01
3	0.277046	2.983616e-01	7.024668e+01	-1.019319e+00	3.031338e-02	7.015876e-01
6	0.289861	3.011010e-01	6.988164e+01	-9.841953e-01	-3.695305e-02	6.988478e-01
11	0.473849	2.997624e-01	6.984111e+01	-9.959884e-01	4.166870e-02	7.001863e-01
6	0.502895	3.012986e-01	6.982211e+01	-9.621887e-01	-1.221825e-01	6.986500e-01
1	0.59218	2.997398e-01	6.993349e+01	-9.897245e-01	-2.707354e-02	7.002091e-01
19	0.51809	2.998003e-01	6.981706e+01	-9.950972e-01	4.295665e-02	7.001484e-01
9	1.54754	2.959172e-01	7.004421e+01	-1.028519e+00	1.557423e-01	7.040318e-01
5	1.41979	3.012350e-01	6.996114e+01	-9.804131e-01	-1.086176e-01	6.987138e-01
3	2.01607	3.065854e-01	6.972817e+01	-9.240395e-01	-3.529296e-01	6.933631e-01
3	1.64657	3.096872e-01	6.934936e+01	-9.131834e-01	-3.369823e-01	6.902608e-01
2	1.83669	3.049025e-01	7.011195e+01	-1.018043e+00	-7.788417e-02	6.950466e-01
1	1.50413	3.039798e-01	7.010585e+01	-1.016520e+00	-6.503854e-02	6.959692e-01
1	1.62414	3.013333e-01	6.970468e+01	-9.978464e-01	3.929384e-02	6.986152e-01
1	1.15948	2.970704e-01	7.015197e+01	-1.048583e+00	1.833908e-01	7.028788e-01
3	0.97955	2.996561e-01	7.005994e+01	-1.038516e+00	1.274716e-01	7.002929e-01
4	0.507155	3.007404e-01	6.992827e+01	-1.007853e+00	2.611471e-02	6.992084e-01
4	0.985655	3.050054e-01	6.947196e+01	-9.371078e-01	-1.879780e-01	6.949427e-01
30	0.318769	3.019105e-01	7.002794e+01	-9.888918e-01	-9.095355e-02	6.980384e-01
1	0.6305	2.982715e-01	7.016522e+01	-1.011156e+00	4.067697e-02	7.016776e-01
2	1.10438	2.995461e-01	7.007289e+01	-1.018265e+00	7.366931e-02	7.004029e-01
5	1.2728	2.956360e-01	7.048327e+01	-1.077585e+00	2.402934e-01	7.043136e-01
4	1.09068	2.970849e-01	7.033140e+01	-1.064584e+00	2.066134e-01	7.028645e-01
3	0.284827	3.023553e-01	6.978834e+01	-9.873091e-01	-2.988866e-02	6.975933e-01
9	0.287912	2.980557e-01	7.011949e+01	-1.013846e+00	6.369844e-02	7.018934e-01
2	0.820735	2.941662e-01	7.036730e+01	-1.054394e+00	2.147320e-01	7.057833e-01
1	0.833325	2.955001e-01	7.017927e+01	-1.017123e+00	1.101753e-01	7.044491e-01
2	0.46835	2.990217e-01	7.009605e+01	-1.000709e+00	-1.677490e-02	7.009274e-01
6	1.125	2.999695e-01	7.005557e+01	-9.799637e-01	-1.050768e-01	6.999795e-01
5	0.869735	2.999176e-01	6.992606e+01	-9.649953e-01	-1.150436e-01	7.000312e-01
8	1.40453	3.072539e-01	6.975535e+01	-9.455826e-01	-2.908504e-01	6.926947e-01
4	0.228294	2.999388e-01	6.983342e+01	-9.800650e-01	-2.715734e-02	7.000099e-01
3	0.869385	2.977412e-01	7.026568e+01	-1.004209e+00	-2.043304e-02	7.022081e-01
2	1.61368	2.928107e-01	7.054953e+01	-1.039783e+00	1.331122e-01	7.071390e-01
2	1.66733	2.977662e-01	7.010379e+01	-9.970805e-01	-1.763049e-02	7.021829e-01
4	0.393332	2.982854e-01	7.029861e+01	-1.030457e+00	5.525959e-02	7.016640e-01
5	0.900885	3.001121e-01	7.022833e+01	-1.004060e+00	-4.751746e-02	6.998372e-01
2	3.62023	3.034363e-01	7.021018e+01	-1.014493e+00	-5.265050e-02	6.965130e-01
1	0.66392	3.043071e-01	6.976568e+01	-9.526115e-01	-1.906010e-01	6.956415e-01
6	0.93575	3.010692e-01	7.009503e+01	-9.825950e-01	-1.088690e-01	6.988799e-01
15	0.98863	3.017785e-01	6.999469e+01	-9.664222e-01	-1.673962e-01	6.981704e-01
7	1.08762	2.948119e-01	7.023145e+01	-1.006156e+00	5.553306e-02	7.051373e-01
9	0.65245	2.974163e-01	7.012691e+01	-1.037098e+00	1.438845e-01	7.025328e-01
4	1.60634	2.929196e-01	7.057892e+01	-1.092666e+00	3.093345e-01	7.070301e-01
4	0.97564	2.937208e-01	7.027968e+01	-1.041078e+00	1.992416e-01	7.062285e-01
1	0.376731	2.982838e-01	7.004707e+01	-1.019109e+00	8.322696e-02	7.016652e-01
3	0.514245	3.001828e-01	7.015318e+01	-1.020700e+00	1.773205e-02	6.997663e-01
12	0.073937	3.008056e-01	6.987317e+01	-9.899330e-01	-1.756453e-02	6.991431e-01
22	0.418408	2.979752e-01	7.030668e+01	-1.023728e+00	3.757472e-02	7.019742e-01
1	0.5941	2.998579e-01	6.998884e+01	-9.816575e-01	-5.182295e-02	7.000910e-01
7	0.940975	3.046397e-01	6.974883e+01	-9.444898e-01	-2.227240e-01	6.953089e-01
2	0.95279	3.010380e-01	6.980902e+01	-9.564234e-01	-1.160139e-01	6.989107e-01
2	1.51909	2.987759e-01	7.015716e+01	-9.889511e-01	-4.743196e-02	7.011733e-01
11	0.87478	2.981929e-01	7.035645e+01	-1.019348e+00	7.129909e-03	7.017566e-01
9	1.12336	2.980468e-01	7.031414e+01	-1.006577e+00	-2.427627e-02	7.019026e-01
7	0.29653	2.979590e-01	7.007415e+01	-1.011413e+00	6.909154e-02	7.019901e-01
1	0.590845	3.022144e-01	6.993955e+01	-1.009862e+00	2.757377e-03	6.977345e-01
3	0.54067	3.034541e-01	6.991575e+01	-1.002594e+00	-3.700971e-02	6.964947e-01
1	1.13515	3.049238e-01	6.965899e+01	-9.839146e-01	-5.192961e-02	6.950246e-01
4	1.08031	3.031763e-01	6.984078e+01	-9.979024e-01	-3.939038e-02	6.967724e-01
5	1.07211	3.043855e-01	6.983476e+01	-9.740099e-01	-1.555823e-01	6.955631e-01
12	0.550105	2.969383e-01	7.001557e+01	-9.918514e-01	2.790028e-02	7.030107e-01
1	1.48697	2.933563e-01	7.025115e+01	-1.010545e+00	9.261693e-02	7.065930e-01
1	1.19307	2.993105e-01	6.974162e+01	-9.501349e-01	-1.007090e-01	7.006381e-01
1	1.93111	3.086980e-01	6.940358e+01	-9.316276e-01	-2.722410e-01	6.912501e-01
3	1.62336	3.091451e-01	6.937899e+01	-9.047163e-01	-3.648747e-01	6.908029e-01
4	2.78564	3.023166e-01	7.002305e+01	-9.544855e-01	-2.111468e-01	6.976324e-01
2	1.12585	3.054539e-01	6.945413e+01	-9.176241e-01	-2.534631e-01	6.944942e-01
14	0.392757	3.016884e-01	6.973135e+01	-9.805818e-01	-3.094410e-02	6.982602e-01
3	0.6738	3.017609e-01	6.966103e+01	-9.532169e-01	-1.024284e-01	6.981875e-01
2	0.0750135	3.003064e-01	6.996072e+01	-1.000562e+00	3.447495e-03	6.996425e-01
9	0.469126	2.970945e-01	6.999572e+01	-1.009277e+00	9.574550e-02	7.028544e-01
2	0.727535	3.037231e-01	6.971774e+01	-9.863186e-01	-3.691365e-02	6.962254e-01
1	0.82823	3.052842e-01	6.980023e+01	-9.845130e-01	-1.001618e-01	6.946644e-01
10	0.942325	3.003965e-01	7.011260e+01	-1.016177e+00	3.572960e-02	6.995526e-01
3	1.76842	2.994273e-01	7.045005e+01	-1.051008e+00	8.288346e-02	7.005223e-01
2	0.363554	2.985055e-01	7.024022e+01	-1.034416e+00	9.405417e-02	7.014438e-01
9	0.79883	3.005080e-01	7.017479e+01	-1.018499e+00	2.032895e-02	6.994411e-01
7	1.019	3.036129e-01	6.973703e+01	-9.944818e-01	-8.221260e-03	6.963356e-01
23	0.739445	3.045661e-01	6.955538e+01	-9.344802e-01	-2.014284e-01	6.953822e-01
2	0.41259	3.033599e-01	6.976725e+01	-9.609350e-01	-1.387333e-01	6.965887e-01
10	1.38199	2.988505e-01	7.014836e+01	-9.995397e-01	-3.192682e-03	7.010986e-01
1	1.02329	2.934261e-01	7.041995e+01	-1.039197e+00	1.596122e-01	7.065234e-01
16	1.03361	3.014643e-01	7.024482e+01	-1.019226e+00	-2.321979e-02	6.984850e-01
7	0.544895	3.030592e-01	7.000070e+01	-9.835730e-01	-1.295339e-01	6.968897e-01
3	1.27134	3.002635e-01	6.966822e+01	-9.812855e-01	1.041309e-02	6.996850e-01
1	0.398338	3.003778e-01	6.977578e+01	-9.666714e-01	-6.961283e-02	6.995708e-01
1	1.04653	2.980364e-01	6.994781e+01	-9.713018e-01	-4.522840e-02	7.019124e-01
1	0.601805	2.963539e-01	7.029754e+01	-1.019090e+00	6.255578e-02	7.035955e-01
3	0.93948	2.972841e-01	6.996256e+01	-9.941653e-01	5.417999e-02	7.026648e-01
1	1.56328	3.042278e-01	6.942197e+01	-9.239660e-01	-1.854589e-01	6.957202e-01
3	1.32043	3.060576e-01	6.945380e+01	-9.165910e-01	-2.646385e-01	6.938905e-01
1	0.184843	3.013909e-01	6.988287e+01	-9.746281e-01	-8.495646e-02	6.985579e-01
1	0.461489	2.986257e-01	6.992373e+01	-1.009478e+00	8.588872e-02	7.013231e-01
6	0.513995	3.008669e-01	7.003194e+01	-1.023240e+00	5.513279e-02	6.990821e-01
3	1.72254	2.975657e-01	7.018539e+01	-1.056044e+00	2.126650e-01	7.023835e-01
2	1.44817	3.016317e-01	6.994648e+01	-1.002568e+00	1.375690e-02	6.983172e-01
4	0.293455	3.006436e-01	7.016223e+01	-1.018466e+00	6.464999e-03	6.993056e-01
18	0.406684	2.966510e-01	7.033154e+01	-1.047558e+00	1.495319e-01	7.032984e-01
9	0.399591	2.972600e-01	7.024049e+01	-1.032139e+00	9.529545e-02	7.026893e-01
3	0.81588	2.980911e-01	6.978472e+01	-9.805417e-01	2.686868e-02	7.018575e-01
19	1.26449	3.069991e-01	6.953096e+01	-9.214045e-01	-2.931557e-01	6.929492e-01
1	1.25613	3.016223e-01	6.974619e+01	-9.759377e-01	-2.906388e-02	6.983263e-01
1	0.798945	3.025797e-01	6.958179e+01	-9.676238e-01	-4.985310e-02	6.973686e-01
3	0.210566	3.022748e-01	6.983521e+01	-9.681609e-01	-1.154130e-01	6.976738e-01
1	1.06901	3.047906e-01	6.980693e+01	-9.997974e-01	-3.997627e-02	6.951581e-01
1	0.97371	2.992265e-01	7.022779e+01	-1.023634e+00	2.035183e-02	7.007228e-01
14	1.29236	2.973767e-01	7.028847e+01	-1.026287e+00	4.765116e-02	7.025726e-01
2	0.398651	3.003895e-01	7.018850e+01	-1.019495e+00	3.162618e-03	6.995597e-01
1	0.81732	2.992915e-01	6.995023e+01	-9.746422e-01	-7.681131e-02	7.006573e-01
5	0.678855	2.995552e-01	7.009381e+01	-9.853995e-01	-7.937114e-02	7.003939e-01
5	1.37926	3.042893e-01	6.988368e+01	-1.006909e+00	-3.908273e-02	6.956595e-01
6	0.78587	3.001573e-01	6.988439e+01	-1.010934e+00	6.222784e-02	6.997914e-01
8	0.82308	2.989546e-01	7.027643e+01	-1.053517e+00	1.365808e-01	7.009947e-01
15	0.30071	2.974868e-01	7.009442e+01	-1.007457e+00	5.659121e-02	7.024623e-01
5	0.0454135	2.999152e-01	6.997446e+01	-9.909246e-01	-2.513888e-02	7.000337e-01
2	0.83881	3.043096e-01	6.988134e+01	-9.790780e-01	-1.201729e-01	6.956392e-01
9	0.374026	2.984183e-01	7.018113e+01	-1.006908e+00	-1.506101e-03	7.015309e-01
24	0.397894	3.016319e-01	7.006234e+01	-1.017513e+00	1.084621e-02	6.983171e-01
5	0.837935	3.039952e-01	6.965512e+01	-9.700061e-01	-1.018076e-01	6.959532e-01
3	1.13379	2.966556e-01	7.028554e+01	-1.042022e+00	1.548989e-01	7.032938e-01
4	1.52745	3.013759e-01	7.024205e+01	-1.021020e+00	-5.588644e-03	6.985734e-01
10	1.84739	2.918553e-01	7.047708e+01	-1.050168e+00	2.196216e-01	7.080943e-01
8	1.24551	2.930611e-01	7.037832e+01	-1.053459e+00	2.121802e-01	7.068883e-01
2	1.09466	2.962517e-01	7.021530e+01	-1.041935e+00	1.516778e-01	7.036976e-01
9	0.456906	3.027454e-01	7.004887e+01	-9.975656e-01	-8.110201e-02	6.972036e-01
4	1.55211	3.082817e-01	6.952025e+01	-9.469390e-01	-2.144087e-01	6.916665e-01
11	0.530255	3.007083e-01	6.999215e+01	-1.021290e+00	7.072074e-02	6.992406e-01
2	0.860695	2.983450e-01	6.998385e+01	-1.025570e+00	1.364173e-01	7.016039e-01
1	0.94134	3.004454e-01	6.964700e+01	-9.767699e-01	8.154302e-03	6.995030e-01
7	0.604375	3.000821e-01	6.999570e+01	-9.975355e-01	4.730874e-03	6.998668e-01
2	0.5769	2.986649e-01	6.989182e+01	-9.844444e-01	8.880848e-03	7.012838e-01
1	1.7482	2.943949e-01	7.016918e+01	-9.941938e-01	4.640829e-02	7.055542e-01
2	1.78524	2.953268e-01	7.008135e+01	-9.858085e-01	2.615078e-02	7.046222e-01
4	3.34192	3.046447e-01	6.998484e+01	-1.004747e+00	-4.376594e-02	6.953042e-01
1	2.48047	3.007117e-01	7.003075e+01	-1.030482e+00	1.135324e-01	6.992373e-01
9	0.65346	3.006723e-01	7.018749e+01	-1.035243e+00	6.659184e-02	6.992769e-01
7	0.67408	3.003913e-01	7.028511e+01	-1.027253e+00	6.319610e-03	6.995580e-01
1	0.381642	2.958300e-01	7.031406e+01	-1.035020e+00	1.253359e-01	7.041194e-01
15	0.538185	3.033462e-01	6.972473e+01	-9.622425e-01	-1.169311e-01	6.966023e-01
1	0.52051	3.025355e-01	7.002153e+01	-9.861104e-01	-1.066937e-01	6.974135e-01
8	0.443976	3.016471e-01	6.990788e+01	-9.992774e-01	1.379715e-03	6.983017e-01
5	0.155202	2.978805e-01	7.002631e+01	-1.005091e+00	5.436027e-02	7.020684e-01
2	0.512495	2.995642e-01	6.987758e+01	-9.920515e-01	2.481170e-02	7.003846e-01
2	0.754725	2.987317e-01	7.036644e+01	-1.040699e+00	6.190449e-02	7.012178e-01
1	1.4299	3.042022e-01	7.013270e+01	-1.005919e+00	-1.148342e-01	6.957469e-01
11	0.9164	3.017412e-01	7.020270e+01	-1.012338e+00	-4.314062e-02	6.982080e-01
3	0.207081	2.984371e-01	7.021059e+01	-1.026095e+00	7.161005e-02	7.015122e-01
5	0.95084	3.012490e-01	6.979830e+01	-9.573345e-01	-1.124760e-01	6.986996e-01
5	1.00558	2.981774e-01	6.996718e+01	-9.950997e-01	4.269322e-02	7.017715e-01
7	0.352309	2.982431e-01	6.991731e+01	-9.864852e-01	6.437396e-03	7.017057e-01
1	1.52794	3.013996e-01	6.962235e+01	-9.275980e-01	-1.911360e-01	6.985488e-01
1	0.28124	2.999965e-01	6.984454e+01	-9.756057e-01	-4.962163e-02	6.999522e-01
1	0.741995	3.048836e-01	6.952777e+01	-9.403673e-01	-1.880634e-01	6.950647e-01
5	1.57671	3.054182e-01	7.003055e+01	-9.795262e-01	-2.057616e-01	6.945308e-01
1	1.65992	3.080422e-01	6.973591e+01	-9.515367e-01	-2.851013e-01	6.919064e-01
10	1.72734	3.080556e-01	6.973177e+01	-9.664618e-01	-2.043824e-01	6.918929e-01
2	1.74114	3.102149e-01	6.940053e+01	-9.160541e-01	-3.491688e-01	6.897331e-01
1	1.5816	3.050527e-01	6.945114e+01	-9.553623e-01	-1.164974e-01	6.948954e-01
2	0.974655	3.045178e-01	6.994701e+01	-1.005783e+00	-5.920316e-02	6.954310e-01
5	0.254926	2.987122e-01	6.995878e+01	-9.880656e-01	-1.097130e-02	7.012367e-01
8	1.47199	2.950452e-01	7.018768e+01	-1.007514e+00	5.684097e-02	7.049040e-01
1	1.66494	3.019811e-01	6.978424e+01	-9.438335e-01	-2.038635e-01	6.979675e-01
2	1.7069	2.966842e-01	6.987009e+01	-9.914333e-01	5.326739e-02	7.032645e-01
1	1.74149	2.983985e-01	6.974327e+01	-9.679392e-01	-2.983096e-02	7.015500e-01
4	1.61671	2.992913e-01	7.018267e+01	-1.037644e+00	8.031221e-02	7.006579e-01
3	1.72195	2.977082e-01	7.041341e+01	-1.078937e+00	2.102915e-01	7.022414e-01
3	1.69157	2.945512e-01	7.068132e+01	-1.096207e+00	2.701070e-01	7.053987e-01
1	1.72649	2.925391e-01	7.026624e+01	-1.015078e+00	1.184524e-01	7.074102e-01
7	2.18655	2.902234e-01	7.051786e+01	-1.043544e+00	2.061550e-01	7.097262e-01
3	1.94129	2.938463e-01	7.020038e+01	-1.008680e+00	1.084535e-01	7.061029e-01
9	1.58248	3.002756e-01	6.968201e+01	-9.616120e-01	-3.883896e-02	6.996728e-01
1	0.718015	3.047936e-01	6.963262e+01	-9.523493e-01	-1.562076e-01	6.951548e-01
3	1.61858	3.036758e-01	6.975170e+01	-1.005006e+00	2.742957e-02	6.962728e-01
1	1.94992	2.984294e-01	7.040937e+01	-1.081334e+00	2.089294e-01	7.015201e-01
2	1.42852	3.047436e-01	6.968993e+01	-9.866506e-01	-4.026417e-02	6.952049e-01
1	3.01889	3.079797e-01	6.919554e+01	-9.285641e-01	-2.027171e-01	6.919681e-01
4	3.85582	3.068960e-01	6.925570e+01	-8.896119e-01	-3.603890e-01	6.930518e-01
4	2.73433	3.060182e-01	6.968029e+01	-9.154273e-01	-3.701707e-01	6.939303e-01
2	1.84908	3.014597e-01	6.988072e+01	-9.555615e-01	-1.814716e-01	6.984891e-01
5	2.42647	3.005621e-01	6.990122e+01	-9.968903e-01	-2.224723e-02	6.993866e-01
9	2.43895	3.070765e-01	7.001361e+01	-9.954333e-01	-1.859955e-01	6.928724e-01
5	1.3957	3.069173e-01	6.977654e+01	-9.785524e-01	-1.674155e-01	6.930313e-01
5	1.16186	3.027639e-01	7.019605e+01	-1.011506e+00	-8.165777e-02	6.971853e-01
1	1.89021	3.019304e-01	7.027640e+01	-1.040935e+00	1.478169e-02	6.980189e-01
7	0.482408	3.003142e-01	7.003057e+01	-1.006894e+00	-2.173395e-03	6.996348e-01
1	0.267079	3.015769e-01	6.988695e+01	-9.985423e-01	-9.148483e-03	6.983719e-01
5	0.592265	2.997283e-01	6.985463e+01	-9.994786e-01	5.332784e-02	7.002204e-01
2	0.727115	3.061386e-01	6.960368e+01	-9.438241e-01	-2.135272e-01	6.938098e-01
1	1.14916	3.072642e-01	6.947227e+01	-9.216136e-01	-2.803265e-01	6.926839e-01
5	0.84054	3.051083e-01	6.983668e+01	-9.588708e-01	-2.100257e-01	6.948404e-01
1	1.0451	3.070956e-01	6.967186e+01	-9.451376e-01	-2.518835e-01	6.928528e-01
5	2.12323	3.025307e-01	7.027431e+01	-9.961596e-01	-1.603832e-01	6.974187e-01
3	1.76326	2.969283e-01	7.040952e+01	-1.017750e+00	2.143679e-02	7.030212e-01
5	1.54771	3.031612e-01	7.017649e+01	-1.014446e+00	-5.268869e-02	6.967880e-01
1	1.19273	3.066506e-01	6.978901e+01	-9.644143e-01	-2.017643e-01	6.932981e-01
5	1.31485	3.038233e-01	6.991347e+01	-9.818950e-01	-1.024636e-01	6.961255e-01
1	1.86684	3.037537e-01	6.990638e+01	-1.010165e+00	8.435984e-03	6.961951e-01
4	1.27963	2.996897e-01	7.043290e+01	-1.035587e+00	1.191016e-02	7.002599e-01
1	1.03279	3.038381e-01	7.003888e+01	-9.802216e-01	-1.686885e-01	6.961109e-01
2	1.21751	3.006340e-01	7.034951e+01	-1.021450e+00	-3.991649e-02	6.993154e-01
4	1.25317	3.080240e-01	6.955538e+01	-9.267357e-01	-3.086276e-01	6.919243e-01
9	1.56235	3.040732e-01	7.007037e+01	-9.798140e-01	-1.768295e-01	6.958758e-01
8	0.384142	2.998328e-01	7.001450e+01	-9.840985e-01	-6.655446e-02	7.001161e-01
10	0.64168	3.014313e-01	7.010029e+01	-9.880359e-01	-1.067786e-01	6.985178e-01
3	0.82659	2.976033e-01	7.028569e+01	-1.014997e+00	3.068528e-02	7.023461e-01
1	0.75006	2.963341e-01	7.034975e+01	-1.020528e+00	5.074450e-02	7.036153e-01
1	1.64156	2.963867e-01	7.011606e+01	-9.872030e-01	-2.270081e-02	7.035624e-01
4	0.292772	3.018720e-01	6.972350e+01	-9.641228e-01	-9.320195e-02	6.980765e-01
5	1.34495	2.982193e-01	7.006347e+01	-9.715487e-01	-8.732296e-02	7.017297e-01
1	0.753965	3.008318e-01	6.995782e+01	-9.763203e-01	-8.042805e-02	6.991170e-01
7	0.366434	3.009198e-01	6.992854e+01	-9.963415e-01	-2.175731e-02	6.990290e-01
6	0.8359	2.993831e-01	6.974101e+01	-9.687691e-01	-3.715171e-02	7.005655e-01
6	0.233562	2.983552e-01	7.025456e+01	-1.029526e+00	6.562502e-02	7.015941e-01
4	0.859655	2.956379e-01	7.051086e+01	-1.065377e+00	1.759776e-01	7.043118e-01
5	1.23084	2.959690e-01	7.022714e+01	-1.042385e+00	1.840427e-01	7.039802e-01
1	1.11185	2.995285e-01	7.015808e+01	-1.024802e+00	7.325310e-02	7.004207e-01
5	0.353382	2.982340e-01	7.028158e+01	-1.025936e+00	5.419922e-02	7.017153e-01
5	0.187523	3.008166e-01	7.010935e+01	-1.009570e+00	-1.436231e-02	6.991324e-01
2	0.723555	2.956753e-01	7.029385e+01	-1.041410e+00	1.426027e-01	7.042740e-01
4	0.843175	2.993479e-01	6.992809e+01	-9.857708e-01	-3.936965e-03	7.006009e-01
3	0.886375	3.037841e-01	6.972899e+01	-9.920211e-01	-2.975408e-02	6.961645e-01
5	1.20951	3.052914e-01	6.937336e+01	-9.263276e-01	-1.908030e-01	6.946566e-01
6	1.82142	2.959606e-01	7.007434e+01	-9.847984e-01	1.539829e-02	7.039884e-01
1	0.253184	2.969645e-01	7.022197e+01	-1.024314e+00	8.099227e-02	7.029848e-01
21	0.333312	3.017016e-01	6.993515e+01	-9.734557e-01	-1.173166e-01	6.982473e-01
2	0.091118	3.004917e-01	6.987124e+01	-9.899250e-01	-1.085049e-02	6.994570e-01
7	0.59693	3.005558e-01	6.991075e+01	-1.014376e+00	6.493031e-02	6.993930e-01
14	0.647725	3.045450e-01	6.983148e+01	-9.673983e-01	-1.750855e-01	6.954037e-01
10	0.695105	3.040247e-01	6.996280e+01	-9.785800e-01	-1.572302e-01	6.959241e-01
7	0.572475	3.028964e-01	6.974493e+01	-9.866223e-01	-2.616262e-02	6.970521e-01
1	1.18046	2.982453e-01	7.012809e+01	-9.889381e-01	-3.073578e-02	7.017038e-01
6	0.608355	3.029338e-01	6.969175e+01	-9.699633e-01	-6.950571e-02	6.970146e-01
8	1.11942	2.991446e-01	7.031777e+01	-1.056848e+00	1.429472e-01	7.008048e-01
2	0.178786	2.977491e-01	7.016857e+01	-1.010826e+00	3.601395e-02	7.022001e-01
1	2.30267	2.936333e-01	7.038927e+01	-1.056155e+00	2.388628e-01	7.063162e-01
2	1.6099	2.972685e-01	7.020483e+01	-9.854718e-01	-6.399546e-02	7.026807e-01
5	0.362931	2.971274e-01	7.018706e+01	-1.015181e+00	5.189092e-02	7.028218e-01
23	0.453155	3.025895e-01	6.993535e+01	-9.908385e-01	-7.841228e-02	6.973594e-01
2	0.600215	2.988715e-01	7.021667e+01	-1.010790e+00	-1.066361e-02	7.010777e-01
5	0.488563	2.972006e-01	7.031510e+01	-1.032213e+00	7.592219e-02	7.027488e-01
1	0.350081	3.003697e-01	6.990085e+01	-1.005030e+00	3.499538e-02	6.995790e-01
4	0.26047	3.010061e-01	7.006544e+01	-1.017551e+00	2.730884e-02	6.989430e-01
3	0.129895	2.998788e-01	7.006677e+01	-1.017642e+00	4.692558e-02	7.000703e-01
4	0.93084	3.032846e-01	6.991181e+01	-9.751234e-01	-1.505257e-01	6.966642e-01
1	1.06934	2.974127e-01	7.031931e+01	-1.053165e+00	1.424735e-01	7.025367e-01
3	1.87148	2.931332e-01	7.018559e+01	-1.015160e+00	1.465356e-01	7.068160e-01
4	1.09682	2.991394e-01	6.972679e+01	-9.604021e-01	-4.317464e-02	7.008091e-01
3	1.00571	2.937197e-01	7.040936e+01	-1.049623e+00	1.977672e-01	7.062298e-01
4	1.13652	2.989218e-01	7.042888e+01	-1.051338e+00	9.487673e-02	7.010277e-01
2	1.59148	2.950912e-01	7.065557e+01	-1.069055e+00	1.742213e-01	7.048587e-01
5	0.867205	3.001545e-01	7.012472e+01	-1.032586e+00	9.302474e-02	6.997946e-01
1	1.01987	3.031493e-01	6.989858e+01	-1.002369e+00	-1.084502e-02	6.967994e-01
5	0.77328	2.966630e-01	7.016349e+01	-1.044034e+00	1.745496e-01	7.032862e-01
3	1.09862	3.008677e-01	6.999241e+01	-1.005902e+00	-1.222808e-02	6.990812e-01
7	1.09912	3.019575e-01	6.968215e+01	-9.654841e-01	-9.048619e-02	6.979910e-01
2	1.13436	2.988345e-01	7.003961e+01	-1.027986e+00	1.002643e-01	7.011145e-01
1	1.07397	3.008809e-01	7.024701e+01	-1.034290e+00	2.467930e-02	6.990684e-01
2	0.888195	2.972039e-01	6.993748e+01	-1.014457e+00	1.287191e-01	7.027449e-01
3	1.39271	3.003808e-01	7.021855e+01	-1.052781e+00	1.162986e-01	6.995685e-01
9	1.28513	3.044169e-01	6.995852e+01	-1.006502e+00	-6.655728e-02	6.955319e-01
11	0.74642	3.003264e-01	7.020089e+01	-1.033995e+00	5.117785e-02	6.996228e-01
1	1.01897	3.030680e-01	7.006255e+01	-1.006368e+00	-4.590322e-02	6.968810e-01
7	0.794915	3.050473e-01	6.967286e+01	-9.504051e-01	-1.810561e-01	6.949011e-01
6	0.983915	3.044996e-01	6.978803e+01	-9.532833e-01	-1.942481e-01	6.954490e-01
2	1.41357	2.993396e-01	7.010490e+01	-9.888581e-01	-4.148743e-02	7.006095e-01
1	1.13347	3.016364e-01	6.973573e+01	-9.420360e-01	-1.636974e-01	6.983121e-01
6	1.21828	2.942846e-01	7.010341e+01	-1.001682e+00	8.908595e-02	7.056644e-01
4	1.95054	3.014845e-01	6.967456e+01	-9.289748e-01	-1.875707e-01	6.984640e-01
1	1.50231	3.065705e-01	6.973747e+01	-9.339899e-01	-3.102157e-01	6.933780e-01
1	2.37534	3.070512e-01	6.979795e+01	-9.291764e-01	-3.647236e-01	6.928974e-01
2	1.64257	3.015594e-01	7.030329e+01	-1.007305e+00	-1.055111e-01	6.983900e-01
2	0.22685	3.001230e-01	7.004757e+01	-1.017461e+00	5.310897e-02	6.998260e-01
10	0.898105	2.984701e-01	6.997478e+01	-1.010026e+00	8.805536e-02	7.014788e-01
6	1.01036	3.006058e-01	6.993349e+01	-1.002320e+00	3.332093e-02	6.993430e-01
1	0.420501	2.994920e-01	7.021703e+01	-1.014736e+00	7.383640e-03	7.004572e-01
2	1.40851	2.969223e-01	6.998866e+01	-9.758964e-01	-3.553562e-02	7.030266e-01
5	1.43247	3.022917e-01	7.025873e+01	-1.026762e+00	-1.610767e-02	6.976576e-01
3	2.61314	3.029908e-01	7.039195e+01	-1.027950e+00	-7.323598e-02	6.969587e-01
1	1.42698	2.942073e-01	7.024873e+01	-1.005388e+00	5.790349e-02	7.057420e-01
3	1.76166	2.955072e-01	7.006466e+01	-9.852872e-01	3.286588e-03	7.044418e-01
6	1.85972	3.049578e-01	6.957525e+01	-9.293456e-01	-2.607468e-01	6.949905e-01
3	0.83076	3.058926e-01	6.964254e+01	-9.574876e-01	-1.832769e-01	6.940558e-01
6	0.212638	2.999368e-01	6.987029e+01	-9.793058e-01	-3.414785e-02	7.000120e-01
3	1.4527	2.957166e-01	6.992384e+01	-9.958761e-01	7.714398e-02	7.042322e-01
1	1.85197	2.957276e-01	6.988436e+01	-1.006091e+00	1.442410e-01	7.042212e-01
3	2.8525	2.986836e-01	6.968461e+01	-1.008509e+00	1.501135e-01	7.012649e-01
3	2.60408	3.072001e-01	6.912844e+01	-9.181129e-01	-1.894516e-01	6.927475e-01
7	2.46985	3.028448e-01	6.930532e+01	-9.340651e-01	-1.090503e-01	6.971031e-01
5	0.862055	2.968357e-01	7.017910e+01	-1.039070e+00	1.653759e-01	7.031135e-01
5	0.89551	3.029061e-01	6.992825e+01	-9.836654e-01	-8.384998e-02	6.970428e-01
3	0.8675	2.962466e-01	7.036959e+01	-1.046658e+00	1.525488e-01	7.037028e-01
5	1.3158	2.940450e-01	7.057054e+01	-1.064576e+00	2.036093e-01	7.059047e-01
3	0.911435	2.939403e-01	7.050326e+01	-1.067406e+00	2.176826e-01	7.060094e-01
13	1.32899	3.034210e-01	6.991490e+01	-1.016015e+00	2.572532e-02	6.965278e-01
8	0.971215	3.037975e-01	7.004038e+01	-1.008184e+00	-5.283151e-02	6.961514e-01
1	1.00029	3.034057e-01	7.010308e+01	-1.006532e+00	-7.075653e-02	6.965434e-01
1	0.89566	3.024966e-01	7.015364e+01	-1.020127e+00	-1.633157e-02	6.974526e-01
19	1.13722	2.985548e-01	6.972095e+01	-9.649736e-01	-2.801362e-02	7.013937e-01
9	0.230434	2.993831e-01	7.005055e+01	-9.915888e-01	-3.043427e-02	7.005659e-01
3	0.190695	3.004907e-01	6.987998e+01	-9.985446e-01	1.849322e-02	6.994581e-01
3	0.832535	3.018674e-01	7.018948e+01	-1.027108e+00	1.099675e-02	6.980818e-01
2	0.252095	3.002347e-01	7.005654e+01	-1.009131e+00	2.112196e-02	6.997143e-01
6	0.76284	3.010690e-01	7.014747e+01	-1.020021e+00	-3.231220e-03	6.988801e-01
3	0.641425	3.012189e-01	6.994425e+01	-9.668987e-01	-1.290590e-01	6.987299e-01
3	1.36768	3.011141e-01	6.967908e+01	-9.403711e-01	-1.620050e-01	6.988344e-01
1	1.19233	2.989610e-01	7.024816e+01	-9.959584e-01	-6.311420e-02	7.009883e-01
4	0.291578	2.985789e-01	7.002839e+01	-1.001429e+00	3.370884e-02	7.013701e-01
14	0.308322	3.034943e-01	6.982991e+01	-9.798738e-01	-9.030515e-02	6.964543e-01
9	0.329782	2.995156e-01	6.989669e+01	-9.812681e-01	-3.676293e-02	7.004331e-01
20	0.213173	3.005210e-01	6.992818e+01	-1.006548e+00	3.540807e-02	6.994279e-01
1	1.02999	3.047337e-01	6.998978e+01	-9.948056e-01	-1.236100e-01	6.952153e-01
6	1.35726	3.034357e-01	6.956479e+01	-9.197148e-01	-2.396191e-01	6.965126e-01
1	1.68296	3.061179e-01	6.930685e+01	-9.010100e-01	-2.931370e-01	6.938300e-01
4	3.71664	3.063286e-01	6.939969e+01	-8.779746e-01	-4.295336e-01	6.936194e-01
2	2.71805	3.033595e-01	6.982013e+01	-9.257041e-01	-3.112000e-01	6.965891e-01
6	2.2117	3.016192e-01	7.001624e+01	-9.638749e-01	-1.959097e-01	6.983297e-01
4	0.85409	2.954699e-01	7.017650e+01	-1.007573e+00	5.862029e-02	7.044793e-01
3	0.9654	2.971657e-01	7.040069e+01	-1.067421e+00	1.862216e-01	7.027838e-01
3	1.06562	3.018811e-01	7.019203e+01	-1.035759e+00	3.218439e-02	6.980681e-01
2	0.189558	3.001255e-01	6.986539e+01	-9.768315e-01	-4.799515e-02	6.998233e-01
2	0.21688	3.006170e-01	7.006090e+01	-9.929491e-01	-5.598588e-02	6.993320e-01
5	0.268251	3.019032e-01	6.975034e+01	-9.764715e-01	-4.793956e-02	6.980454e-01
9	0.232784	3.022813e-01	6.977040e+01	-9.780667e-01	-5.521378e-02	6.976672e-01
6	0.0442484	2.998662e-01	7.007444e+01	-1.007378e+00	1.046101e-02	7.000828e-01
2	1.22992	3.072520e-01	6.953421e+01	-9.483780e-01	-1.919375e-01	6.926962e-01
5	1.49206	2.980180e-01	7.018966e+01	-1.037573e+00	1.423408e-01	7.019312e-01
8	0.544005	2.965876e-01	7.012450e+01	-1.022545e+00	1.227156e-01	7.033615e-01
1	0.568945	3.004594e-01	7.003058e+01	-9.916688e-01	-6.228443e-02	6.994896e-01
3	0.638585	2.949361e-01	7.029778e+01	-1.051418e+00	2.012809e-01	7.050132e-01
6	0.664275	2.948734e-01	7.017494e+01	-1.028929e+00	1.592970e-01	7.050758e-01
5	0.221813	2.993606e-01	7.017052e+01	-1.027610e+00	6.846669e-02	7.005886e-01
5	0.347948	2.997370e-01	7.023412e+01	-1.025242e+00	2.754331e-02	7.002123e-01
4	0.33223	3.013859e-01	6.996658e+01	-1.012486e+00	2.815974e-02	6.985630e-01
4	1.39706	3.083758e-01	6.943522e+01	-9.431307e-01	-2.169964e-01	6.915723e-01
7	0.71633	3.033526e-01	6.968820e+01	-9.747004e-01	-5.894294e-02	6.965959e-01
3	2.12516	3.020941e-01	6.942891e+01	-9.396781e-01	-8.518839e-02	6.978540e-01
7	1.87692	3.073150e-01	6.937852e+01	-9.423988e-01	-1.644680e-01	6.926330e-01
3	1.61075	2.976949e-01	7.037716e+01	-1.072211e+00	1.928997e-01	7.022545e-01
3	0.754085	2.999820e-01	7.022596e+01	-1.039962e+00	7.470341e-02	6.999672e-01
8	0.986395	3.016701e-01	7.019287e+01	-9.979224e-01	-1.035850e-01	6.982792e-01
2	0.63706	3.034570e-01	6.986227e+01	-9.611744e-01	-1.826798e-01	6.964917e-01
1	0.456992	3.009540e-01	6.977158e+01	-9.617406e-01	-8.934083e-02	6.989946e-01
3	1.36431	3.033853e-01	6.944171e+01	-9.480064e-01	-8.947835e-02	6.965628e-01
9	0.72188	3.002574e-01	6.993781e+01	-9.791642e-01	-7.846438e-02	6.996914e-01
4	0.649325	3.030634e-01	6.959416e+01	-9.629648e-01	-7.503452e-02	6.968850e-01
1	1.19418	3.070179e-01	6.969874e+01	-9.395337e-01	-2.883856e-01	6.929306e-01
4	1.18755	3.049198e-01	7.002904e+01	-9.990558e-01	-1.208717e-01	6.950292e-01
2	1.23713	2.970749e-01	7.051090e+01	-1.039307e+00	5.976435e-02	7.028748e-01
