9	4.48656	3.048625e-01	6.970940e+01	-1.009615e+00	5.180710e-02	6.950860e-01
2	6.0286	3.052579e-01	6.954111e+01	-9.868132e-01	1.753025e-02	6.946903e-01
2	5.4313	3.079624e-01	6.944788e+01	-9.633377e-01	-9.708474e-02	6.919858e-01
2	4.49763	3.108401e-01	6.934357e+01	-9.172961e-01	-3.058100e-01	6.891079e-01
2	3.62676	3.107829e-01	6.940253e+01	-8.950064e-01	-4.233179e-01	6.891651e-01
5	1.03876	3.076299e-01	6.956403e+01	-9.381424e-01	-2.557580e-01	6.923183e-01
5	0.63147	3.026612e-01	6.993944e+01	-9.762639e-01	-1.369751e-01	6.972877e-01
3	1.28489	3.063180e-01	6.969677e+01	-9.691143e-01	-1.694958e-01	6.936305e-01
2	0.90584	2.977911e-01	7.017174e+01	-9.973803e-01	-2.608411e-02	7.021581e-01
9	0.88245	3.017456e-01	7.023259e+01	-1.014842e+00	-5.117057e-02	6.982037e-01
3	1.15796	3.035880e-01	6.991729e+01	-1.006865e+00	-3.590183e-02	6.963608e-01
1	0.70552	3.018542e-01	6.985834e+01	-9.885048e-01	-5.313307e-02	6.980945e-01
5	1.34863	3.067855e-01	6.978376e+01	-9.715478e-01	-1.961917e-01	6.931631e-01
5	1.00109	3.015836e-01	6.981638e+01	-9.599955e-01	-1.424697e-01	6.983650e-01
24	0.149743	2.991259e-01	6.991980e+01	-9.948880e-01	1.949057e-02	7.008229e-01
1	0.95691	2.947933e-01	7.036287e+01	-1.047511e+00	1.846684e-01	7.051561e-01
8	0.85664	2.957231e-01	7.013551e+01	-1.025187e+00	1.471192e-01	7.042260e-01
2	0.387711	3.000563e-01	7.006522e+01	-1.016767e+00	3.255474e-02	6.998927e-01
5	0.260771	2.982304e-01	6.995311e+01	-9.961027e-01	3.733519e-02	7.017185e-01
6	0.595675	3.013476e-01	6.976926e+01	-9.812920e-01	-4.000157e-02	6.986010e-01
1	0.492161	3.029071e-01	6.995770e+01	-1.005397e+00	-3.128281e-02	6.970418e-01
2	0.96533	2.950097e-01	7.040947e+01	-1.067228e+00	2.336344e-01	7.049398e-01
4	2.12486	2.914489e-01	7.083244e+01	-1.088495e+00	2.512294e-01	7.085012e-01
3	2.24695	2.958269e-01	7.050214e+01	-1.049378e+00	9.888728e-02	7.041228e-01
16	1.6808	2.940653e-01	7.060936e+01	-1.063906e+00	1.651410e-01	7.058845e-01
3	0.63783	2.998648e-01	6.998021e+01	-9.786728e-01	-8.146819e-02	7.000841e-01
6	0.924005	2.942244e-01	7.017539e+01	-1.012752e+00	1.093723e-01	7.057248e-01
2	0.908915	2.958262e-01	7.013460e+01	-1.030073e+00	1.416245e-01	7.041229e-01
1	1.40923	2.938248e-01	7.045040e+01	-1.034340e+00	1.096854e-01	7.061247e-01
1	1.93039	2.987527e-01	6.995442e+01	-9.821983e-01	-5.145114e-02	7.011962e-01
4	0.59472	3.031038e-01	6.987878e+01	-1.000475e+00	-3.212491e-02	6.968449e-01
1	1.74239	3.033663e-01	6.970356e+01	-1.003958e+00	2.911164e-02	6.965822e-01
1	1.2023	3.059043e-01	6.951538e+01	-9.377636e-01	-1.950692e-01	6.940439e-01
2	0.622985	2.960877e-01	7.040584e+01	-1.036644e+00	1.010682e-01	7.038619e-01
1	1.12844	3.056054e-01	6.991510e+01	-9.823422e-01	-1.513666e-01	6.943434e-01
11	1.0167	2.979943e-01	6.997604e+01	-1.021678e+00	1.144488e-01	7.019546e-01
1	1.59129	2.924007e-01	7.042675e+01	-1.076847e+00	3.060997e-01	7.075488e-01
7	1.78392	2.948209e-01	7.051562e+01	-1.092510e+00	2.891123e-01	7.051287e-01
1	1.84715	2.976785e-01	7.056576e+01	-1.085749e+00	1.957263e-01	7.022712e-01
3	2.47777	2.987443e-01	7.045401e+01	-1.089716e+00	2.275713e-01	7.012053e-01
5	2.39733	2.935344e-01	7.057198e+01	-1.097971e+00	3.332387e-01	7.064154e-01
16	0.69663	2.965545e-01	7.047131e+01	-1.053153e+00	1.264037e-01	7.033951e-01
13	0.514755	2.997217e-01	7.020173e+01	-1.039242e+00	9.195167e-02	7.002275e-01
1	1.18755	2.939340e-01	7.054761e+01	-1.046095e+00	1.365866e-01	7.060157e-01
4	0.571575	2.970938e-01	7.035618e+01	-1.031207e+00	7.688615e-02	7.028556e-01
1	1.13277	2.963202e-01	7.029165e+01	-1.004330e+00	4.000020e-03	7.036291e-01
4	0.827935	2.971157e-01	7.023860e+01	-1.019462e+00	4.661506e-02	7.028336e-01
16	1.38008	2.981730e-01	7.015995e+01	-9.810861e-01	-7.951771e-02	7.017762e-01
1	1.15816	2.993046e-01	7.002627e+01	-1.002667e+00	-3.657913e-03	7.006444e-01
7	1.16169	2.999408e-01	6.975506e+01	-9.481626e-01	-1.265570e-01	7.000078e-01
4	0.99537	3.065196e-01	6.943360e+01	-9.222821e-01	-2.574490e-01	6.934285e-01
2	0.832685	3.064443e-01	6.947277e+01	-9.364226e-01	-2.118690e-01	6.935038e-01
1	0.241813	3.020590e-01	6.992566e+01	-9.986730e-01	-1.925392e-02	6.978898e-01
1	1.82597	3.035984e-01	6.963760e+01	-9.608827e-01	-1.342562e-01	6.963500e-01
3	2.50868	3.036384e-01	6.957499e+01	-9.507465e-01	-1.582958e-01	6.963099e-01
2	1.89657	3.002614e-01	6.947971e+01	-9.556452e-01	-2.373688e-02	6.996868e-01
5	1.06767	2.987821e-01	6.982472e+01	-1.004476e+00	9.655214e-02	7.011665e-01
2	0.823835	2.943692e-01	7.045995e+01	-1.061511e+00	2.116725e-01	7.055804e-01
4	1.38922	3.007331e-01	6.986239e+01	-1.021919e+00	1.098165e-01	6.992156e-01
4	1.2445	2.916394e-01	7.052416e+01	-1.069358e+00	2.658763e-01	7.083103e-01
2	1.43111	2.935440e-01	7.019212e+01	-1.011564e+00	1.047582e-01	7.064052e-01
6	0.95022	2.989986e-01	6.990148e+01	-9.888853e-01	-8.728939e-03	7.009502e-01
8	0.418603	2.984868e-01	7.013255e+01	-9.958251e-01	-2.558806e-02	7.014623e-01
3	0.772175	3.034094e-01	6.994517e+01	-9.721244e-01	-1.686701e-01	6.965394e-01
4	1.15621	3.013563e-01	7.007266e+01	-1.038835e+00	9.629428e-02	6.985928e-01
1	1.05001	3.033736e-01	6.958916e+01	-9.457484e-01	-1.628577e-01	6.965747e-01
11	0.83006	3.065236e-01	6.959740e+01	-9.557243e-01	-1.739561e-01	6.934248e-01
2	1.17761	3.061806e-01	6.949314e+01	-9.157838e-01	-2.946466e-01	6.937676e-01
4	1.85981	3.046840e-01	6.952513e+01	-9.153819e-01	-2.872382e-01	6.952642e-01
17	1.41125	3.072399e-01	6.945348e+01	-9.353960e-01	-2.400624e-01	6.927082e-01
4	1.94175	3.014552e-01	6.943884e+01	-9.581793e-01	-2.405488e-02	6.984929e-01
6	0.90799	3.006182e-01	6.987735e+01	-9.742811e-01	-5.657602e-02	6.993306e-01
1	1.46181	2.965006e-01	7.062453e+01	-1.076242e+00	1.760124e-01	7.034492e-01
1	0.69687	2.947464e-01	7.021035e+01	-1.025614e+00	1.422260e-01	7.052028e-01
9	0.686535	2.957993e-01	7.030858e+01	-1.024963e+00	7.837126e-02	7.041501e-01
9	0.425086	2.978508e-01	6.999836e+01	-9.950721e-01	1.694641e-02	7.020982e-01
8	0.278016	2.970236e-01	7.006744e+01	-1.011725e+00	7.840770e-02	7.029255e-01
12	0.443162	2.955379e-01	7.017272e+01	-1.028269e+00	1.430604e-01	7.044112e-01
4	2.62812	2.981913e-01	7.024652e+01	-1.070230e+00	2.382287e-01	7.017579e-01
4	2.52953	2.914183e-01	7.018013e+01	-1.034128e+00	2.424946e-01	7.085309e-01
1	2.32837	2.949240e-01	7.019457e+01	-1.049289e+00	2.397481e-01	7.050252e-01
4	0.254157	2.969870e-01	7.011350e+01	-1.011784e+00	7.412123e-02	7.029620e-01
3	1.59967	2.976919e-01	7.040379e+01	-1.014000e+00	-2.836869e-02	7.022576e-01
15	0.61058	3.012873e-01	6.980867e+01	-9.674066e-01	-1.030012e-01	6.986614e-01
1	0.874815	3.015010e-01	6.995659e+01	-1.023448e+00	6.707807e-02	6.984479e-01
2	0.380875	3.037632e-01	6.981403e+01	-9.860218e-01	-7.677060e-02	6.961855e-01
3	0.849905	3.034932e-01	6.950170e+01	-9.475505e-01	-1.223336e-01	6.964550e-01
1	1.12691	3.003229e-01	6.963951e+01	-9.495363e-01	-9.704860e-02	6.996255e-01
4	0.95596	3.030737e-01	6.984471e+01	-9.650839e-01	-1.327214e-01	6.968750e-01
1	1.64424	3.068286e-01	6.989859e+01	-9.773331e-01	-1.920747e-01	6.931201e-01
1	2.13422	2.983510e-01	7.035229e+01	-1.058731e+00	1.269615e-01	7.015984e-01
1	1.18179	3.039922e-01	6.998866e+01	-1.004511e+00	-7.589972e-02	6.959567e-01
4	1.13497	3.054663e-01	6.969916e+01	-9.521370e-01	-2.185511e-01	6.944822e-01
2	0.64183	3.013206e-01	7.006749e+01	-1.016706e+00	4.287350e-03	6.986284e-01
2	1.43798	3.068494e-01	6.965173e+01	-9.402464e-01	-2.790193e-01	6.930990e-01
9	1.52325	3.084041e-01	6.951272e+01	-9.210080e-01	-3.368540e-01	6.915441e-01
7	1.5758	3.068989e-01	6.964721e+01	-9.401255e-01	-2.810368e-01	6.930495e-01
2	1.59585	3.065025e-01	6.954308e+01	-9.468922e-01	-2.139267e-01	6.934457e-01
1	2.36335	2.951146e-01	7.022453e+01	-1.008179e+00	4.033445e-02	7.048347e-01
2	2.49867	2.939922e-01	7.035232e+01	-1.065436e+00	2.349270e-01	7.059572e-01
1	3.34093	2.949304e-01	6.985831e+01	-9.706564e-01	1.031883e-02	7.050183e-01
1	4.47288	2.886471e-01	7.039637e+01	-1.052082e+00	2.695411e-01	7.113024e-01
2	1.93853	2.922670e-01	7.041772e+01	-1.057786e+00	2.265189e-01	7.076825e-01
2	2.39705	2.974745e-01	6.981762e+01	-9.664689e-01	-4.235016e-02	7.024742e-01
1	1.94386	2.919420e-01	7.014890e+01	-1.028353e+00	2.082061e-01	7.080072e-01
2	1.62577	2.974795e-01	7.010096e+01	-9.853742e-01	-4.958806e-02	7.024695e-01
1	1.49422	2.974286e-01	7.029136e+01	-1.022083e+00	2.896285e-02	7.025208e-01
1	1.88108	3.020941e-01	7.037085e+01	-1.046150e+00	1.368033e-02	6.978554e-01
6	1.35709	3.047255e-01	6.992196e+01	-1.001902e+00	-8.059522e-02	6.952233e-01
4	1.94173	3.072753e-01	6.973930e+01	-9.614741e-01	-2.395945e-01	6.926732e-01
3	2.06352	3.033319e-01	6.958478e+01	-9.284702e-01	-2.327547e-01	6.966164e-01
8	2.19923	2.935552e-01	7.032112e+01	-1.036150e+00	1.461966e-01	7.063942e-01
3	2.65421	3.009226e-01	6.987193e+01	-9.378161e-01	-2.309085e-01	6.990261e-01
2	1.63792	3.002761e-01	6.998862e+01	-9.558207e-01	-1.653493e-01	6.996728e-01
1	1.98927	2.969957e-01	7.002769e+01	-9.770104e-01	-1.745750e-02	7.029533e-01
2	1.32413	2.931089e-01	7.058746e+01	-1.052425e+00	1.582592e-01	7.068408e-01
2	1.10085	2.943298e-01	7.035332e+01	-1.050732e+00	1.839170e-01	7.056196e-01
1	2.83128	2.882156e-01	7.089959e+01	-1.112807e+00	3.909408e-01	7.117347e-01
2	1.31862	2.918861e-01	7.063662e+01	-1.069297e+00	2.317464e-01	7.080638e-01
3	1.7811	2.927325e-01	7.019831e+01	-1.034975e+00	1.978913e-01	7.072167e-01
4	1.16212	2.992475e-01	6.987636e+01	-9.916152e-01	1.863267e-03	7.007013e-01
1	1.17215	2.978039e-01	7.001119e+01	-1.031235e+00	1.441182e-01	7.021451e-01
4	1.10566	2.954250e-01	7.018955e+01	-1.051691e+00	2.247131e-01	7.045242e-01
1	0.71271	3.011411e-01	6.979976e+01	-9.658938e-01	-1.039434e-01	6.988076e-01
3	0.583565	2.985982e-01	7.002085e+01	-1.019436e+00	8.334020e-02	7.013508e-01
4	0.435449	3.034831e-01	6.992605e+01	-9.869693e-01	-1.052275e-01	6.964657e-01
7	0.53238	3.012889e-01	6.970943e+01	-9.717397e-01	-5.353625e-02	6.986596e-01
5	1.16631	2.982434e-01	6.977933e+01	-9.931644e-01	6.293085e-02	7.017052e-01
3	0.412286	2.999376e-01	6.979649e+01	-9.699567e-01	-5.513695e-02	7.000110e-01
1	1.37177	2.945431e-01	7.017961e+01	-1.015438e+00	9.791413e-02	7.054061e-01
7	1.2716	2.963679e-01	7.027559e+01	-1.051838e+00	1.682094e-01	7.035815e-01
7	1.94602	2.975704e-01	7.057322e+01	-1.089450e+00	2.132478e-01	7.023793e-01
2	1.4703	2.967683e-01	7.059766e+01	-1.069158e+00	1.556466e-01	7.031815e-01
9	0.75994	2.951430e-01	7.043018e+01	-1.037211e+00	1.146713e-01	7.048065e-01
3	1.55027	2.927633e-01	7.057240e+01	-1.045116e+00	1.490994e-01	7.071865e-01
1	1.0078	2.972961e-01	7.044381e+01	-1.033565e+00	4.315571e-02	7.026535e-01
7	0.749605	3.021974e-01	6.989777e+01	-9.844721e-01	-5.691398e-02	6.977514e-01
4	0.388178	3.012292e-01	7.009686e+01	-1.014114e+00	5.888340e-03	6.987198e-01
3	0.512135	2.983672e-01	7.033116e+01	-1.035609e+00	6.249723e-02	7.015822e-01
2	0.199988	3.015669e-01	6.984372e+01	-9.827506e-01	-5.653809e-02	6.983818e-01
1	1.35793	3.025740e-01	7.021195e+01	-1.016820e+00	-6.705089e-02	6.973752e-01
5	0.145962	3.007869e-01	7.003820e+01	-1.012704e+00	1.969177e-02	6.991621e-01
10	0.274338	3.020894e-01	6.989641e+01	-9.827796e-01	-8.452910e-02	6.978594e-01
6	0.51773	2.950340e-01	7.028391e+01	-1.045227e+00	1.824489e-01	7.049154e-01
1	0.91741	2.943958e-01	7.010351e+01	-1.015442e+00	1.336944e-01	7.055533e-01
1	1.15443	2.956374e-01	7.007465e+01	-1.028794e+00	1.765803e-01	7.043117e-01
1	1.12779	2.961871e-01	6.997241e+01	-9.971610e-01	5.962709e-02	7.037618e-01
6	2.492	2.932337e-01	7.000670e+01	-1.030420e+00	2.363108e-01	7.067153e-01
3	2.15806	2.981046e-01	6.968020e+01	-9.507504e-01	-4.244626e-02	7.018439e-01
2	2.97161	2.941639e-01	7.018049e+01	-9.942964e-01	6.037667e-02	7.057853e-01
3	3.09835	2.912991e-01	7.048380e+01	-1.025688e+00	1.406479e-01	7.086505e-01
1	3.30057	2.977645e-01	7.013108e+01	-9.602510e-01	-1.315370e-01	7.021846e-01
2	1.29963	2.954407e-01	7.034927e+01	-1.018645e+00	7.038197e-02	7.045087e-01
6	0.9379	2.998420e-01	6.995544e+01	-9.635285e-01	-1.209700e-01	7.001069e-01
2	1.22327	3.059582e-01	6.984735e+01	-9.753974e-01	-1.601340e-01	6.939905e-01
1	1.56397	3.018378e-01	7.016947e+01	-1.023933e+00	-1.792186e-02	6.981114e-01
5	1.35633	2.921252e-01	7.031933e+01	-1.031343e+00	1.770013e-01	7.078242e-01
8	0.556125	2.979456e-01	6.988023e+01	-9.866260e-01	2.906004e-02	7.020032e-01
4	0.601105	2.988300e-01	7.001049e+01	-9.868297e-01	-1.828031e-02	7.011190e-01
6	0.65943	3.015139e-01	6.987010e+01	-9.580309e-01	-1.511741e-01	6.984348e-01
3	1.07052	2.970311e-01	6.982173e+01	-9.883434e-01	6.664903e-02	7.029176e-01
5	1.07146	2.964232e-01	7.000942e+01	-9.966578e-01	4.212227e-02	7.035258e-01
1	1.77474	2.963576e-01	6.976327e+01	-9.684847e-01	1.949104e-02	7.035910e-01
10	0.70425	2.998750e-01	6.995277e+01	-9.782071e-01	-5.288976e-02	7.000738e-01
1	0.858325	3.011808e-01	7.004032e+01	-9.880548e-01	-6.677306e-02	6.987682e-01
4	0.510515	3.002475e-01	6.974855e+01	-9.688978e-01	-5.330760e-02	6.997010e-01
5	1.33377	2.999507e-01	7.015740e+01	-1.008777e+00	-3.331015e-02	6.999985e-01
5	0.816525	3.007912e-01	7.026091e+01	-1.029151e+00	7.223589e-03	6.991581e-01
3	1.18796	3.017477e-01	7.012678e+01	-1.012539e+00	-4.442935e-02	6.982014e-01
1	0.69155	3.017029e-01	7.017926e+01	-1.010458e+00	-5.552258e-02	6.982463e-01
1	2.30915	2.999244e-01	6.993152e+01	-1.006069e+00	1.726925e-02	7.000244e-01
6	0.919795	2.987326e-01	6.984260e+01	-1.007861e+00	1.004234e-01	7.012161e-01
1	1.13785	3.021214e-01	6.971181e+01	-9.373542e-01	-1.862238e-01	6.978271e-01
1	2.04323	3.038615e-01	6.950384e+01	-9.352033e-01	-1.518715e-01	6.960867e-01
2	2.63261	3.060439e-01	6.938678e+01	-8.963677e-01	-3.127464e-01	6.939042e-01
1	2.45453	2.963298e-01	7.009686e+01	-9.729844e-01	-4.282683e-02	7.036193e-01
14	1.08516	2.938055e-01	7.032965e+01	-1.023044e+00	1.170985e-01	7.061439e-01
1	1.85024	2.956654e-01	7.049616e+01	-1.033772e+00	8.326097e-02	7.042842e-01
13	2.17612	2.937715e-01	7.070872e+01	-1.053001e+00	1.137893e-01	7.061784e-01
3	1.20616	3.002067e-01	7.019401e+01	-9.885169e-01	-1.109906e-01	6.997426e-01
3	1.14358	3.019312e-01	7.025662e+01	-1.015723e+00	-5.494741e-02	6.980181e-01
6	0.81133	3.058384e-01	6.970124e+01	-9.697707e-01	-1.362427e-01	6.941101e-01
4	0.78203	3.037843e-01	6.992784e+01	-9.661937e-01	-1.879715e-01	6.961645e-01
5	0.874075	3.016176e-01	6.997961e+01	-1.015958e+00	4.509088e-02	6.983313e-01
8	0.97649	3.064424e-01	6.977209e+01	-9.718761e-01	-1.659267e-01	6.935062e-01
2	1.56767	3.072163e-01	6.985080e+01	-9.858104e-01	-1.605125e-01	6.927324e-01
3	1.75534	3.078393e-01	6.941980e+01	-9.026126e-01	-3.646318e-01	6.921087e-01
4	2.32278	3.076775e-01	6.913449e+01	-8.992387e-01	-2.816344e-01	6.922702e-01
4	0.469334	3.040175e-01	6.991222e+01	-9.851569e-01	-1.165241e-01	6.959313e-01
6	1.41951	3.051477e-01	6.977367e+01	-9.748794e-01	-1.136363e-01	6.948009e-01
9	1.89876	3.041845e-01	7.015305e+01	-1.033214e+00	-6.524830e-03	6.957647e-01
10	1.54116	3.046566e-01	6.993441e+01	-1.005326e+00	-4.168723e-02	6.952922e-01
1	1.66176	2.973661e-01	7.011175e+01	-9.971309e-01	2.914929e-02	7.025830e-01
10	1.52859	3.008236e-01	6.981396e+01	-9.675368e-01	-6.225878e-02	6.991251e-01
6	1.60959	2.993747e-01	7.015204e+01	-1.034652e+00	1.166358e-01	7.005744e-01
3	1.30075	3.026063e-01	6.990826e+01	-1.000865e+00	-3.486008e-03	6.973425e-01
4	0.97281	3.042288e-01	6.987014e+01	-1.005962e+00	-2.608416e-02	6.957199e-01
6	0.765795	3.042382e-01	6.984702e+01	-9.977692e-01	-4.449216e-02	6.957105e-01
2	0.76221	3.022244e-01	6.998977e+01	-1.012795e+00	-5.175397e-03	6.977245e-01
2	0.75881	3.064079e-01	6.957437e+01	-9.498938e-01	-1.962313e-01	6.935404e-01
5	2.53397	2.988325e-01	6.969330e+01	-1.009140e+00	1.377122e-01	7.011160e-01
1	1.90302	3.006146e-01	6.958678e+01	-9.866834e-01	5.876328e-02	6.993337e-01
4	1.88291	2.997338e-01	6.954888e+01	-9.455882e-01	-5.756399e-02	7.002145e-01
6	1.40958	2.971447e-01	7.004648e+01	-9.746568e-01	-4.508898e-02	7.028042e-01
4	1.28329	3.069465e-01	6.941193e+01	-9.136640e-01	-2.975701e-01	6.930016e-01
5	1.21484	3.041900e-01	6.980783e+01	-9.525196e-01	-2.235758e-01	6.957587e-01
1	1.35627	3.009928e-01	6.962924e+01	-9.509493e-01	-1.082689e-01	6.989555e-01
18	0.55986	2.994443e-01	6.980121e+01	-9.667460e-01	-5.224202e-02	7.005043e-01
4	0.446225	3.013314e-01	6.982998e+01	-9.650612e-01	-1.147914e-01	6.986173e-01
1	0.73536	3.000347e-01	7.016240e+01	-1.015033e+00	2.129285e-02	6.999144e-01
1	0.27972	3.012681e-01	6.995374e+01	-9.819202e-01	-7.296938e-02	6.986807e-01
3	1.50832	3.058288e-01	6.962054e+01	-9.594049e-01	-1.391446e-01	6.941196e-01
1	1.40332	3.059160e-01	6.983638e+01	-9.889633e-01	-1.026917e-01	6.940326e-01
4	1.60583	3.092549e-01	6.949407e+01	-9.204049e-01	-3.378038e-01	6.906933e-01
1	0.89442	3.071865e-01	6.962405e+01	-9.497583e-01	-2.277580e-01	6.927619e-01
5	0.512305	3.008631e-01	7.019950e+01	-1.012686e+00	-3.309019e-02	6.990862e-01
7	0.586315	2.983063e-01	7.034704e+01	-1.027188e+00	3.567535e-02	7.016431e-01
6	0.725795	3.044662e-01	6.965362e+01	-9.369931e-01	-2.256076e-01	6.954822e-01
12	0.365901	2.999085e-01	6.997764e+01	-1.007980e+00	4.723888e-02	7.000404e-01
14	0.79704	3.046008e-01	6.989454e+01	-9.988945e-01	-6.846606e-02	6.953480e-01
1	0.294643	2.999255e-01	6.982777e+01	-9.888826e-01	1.334162e-02	7.000232e-01
4	0.66267	2.955011e-01	7.009087e+01	-1.023648e+00	1.490327e-01	7.044479e-01
7	0.627435	2.980508e-01	7.013829e+01	-9.921242e-01	-3.039885e-02	7.018983e-01
4	0.62974	3.007353e-01	7.003817e+01	-9.901512e-01	-5.084956e-02	6.992137e-01
1	1.49547	2.975810e-01	7.012073e+01	-9.841324e-01	-3.319482e-02	7.023681e-01
3	2.12811	3.006534e-01	6.983014e+01	-9.521602e-01	-1.636220e-01	6.992953e-01
2	0.842605	2.993064e-01	6.989465e+01	-9.807027e-01	-4.159449e-02	7.006424e-01
2	0.74965	3.060143e-01	6.952453e+01	-9.368011e-01	-2.218049e-01	6.939340e-01
5	1.35739	3.079140e-01	6.965259e+01	-9.489782e-01	-2.636728e-01	6.920344e-01
11	1.34618	3.020580e-01	7.025734e+01	-1.038269e+00	1.676837e-02	6.978913e-01
9	0.889	3.032489e-01	7.010717e+01	-9.976276e-01	-1.124253e-01	6.967002e-01
4	1.40295	3.040627e-01	6.962032e+01	-9.466906e-01	-1.882510e-01	6.958856e-01
1	0.978745	3.060423e-01	6.960872e+01	-9.441440e-01	-2.289979e-01	6.939061e-01
1	1.10518	3.067510e-01	6.978606e+01	-9.775113e-01	-1.613851e-01	6.931976e-01
7	1.76507	3.084152e-01	6.971952e+01	-9.409169e-01	-3.173312e-01	6.915333e-01
2	1.16117	2.995801e-01	7.040002e+01	-1.029373e+00	-5.880916e-03	7.003694e-01
2	1.6562	2.913378e-01	7.063327e+01	-1.061971e+00	2.228580e-01	7.086121e-01
7	1.79029	2.924820e-01	7.051609e+01	-1.033618e+00	1.251873e-01	7.074676e-01
2	1.34335	3.011575e-01	6.998885e+01	-9.586504e-01	-1.779677e-01	6.987914e-01
4	1.65402	3.035994e-01	6.973447e+01	-9.269817e-01	-2.757721e-01	6.963492e-01
6	1.85348	3.004636e-01	7.031145e+01	-1.064102e+00	1.293847e-01	6.994857e-01
5	1.44557	2.970344e-01	7.034729e+01	-1.067512e+00	1.958889e-01	7.029150e-01
3	0.487777	2.968152e-01	7.015938e+01	-1.038620e+00	1.587356e-01	7.031339e-01
3	0.278802	2.992633e-01	7.019320e+01	-1.024525e+00	4.328038e-02	7.006859e-01
4	0.531265	3.032951e-01	6.986681e+01	-9.628117e-01	-1.718606e-01	6.966536e-01
3	1.2654	3.061109e-01	6.957304e+01	-9.212605e-01	-3.025601e-01	6.938374e-01
5	0.74752	3.048997e-01	6.969155e+01	-9.412953e-01	-2.339534e-01	6.950487e-01
5	0.457184	2.987787e-01	6.984641e+01	-9.824664e-01	7.623287e-03	7.011700e-01
13	0.6974	3.036120e-01	6.990857e+01	-9.916373e-01	-6.691279e-02	6.963368e-01
2	0.80999	3.032355e-01	6.951945e+01	-9.458682e-01	-1.203958e-01	6.967127e-01
9	0.93533	3.073209e-01	6.959767e+01	-9.419006e-01	-2.475151e-01	6.926275e-01
12	1.2725	2.992941e-01	7.035079e+01	-1.029394e+00	5.332170e-03	7.006554e-01
1	0.256817	2.989607e-01	7.019881e+01	-1.011148e+00	2.991698e-03	7.009886e-01
23	0.20144	2.989753e-01	6.996830e+01	-9.878682e-01	-1.237939e-02	7.009736e-01
1	1.17144	3.058753e-01	6.984254e+01	-9.583323e-01	-2.282765e-01	6.940734e-01
7	0.227883	3.035691e-01	6.981032e+01	-9.717151e-01	-1.228900e-01	6.963795e-01
1	0.79696	3.049011e-01	6.992279e+01	-9.934130e-01	-1.036638e-01	6.950478e-01
5	0.108726	3.012170e-01	6.999693e+01	-9.977194e-01	-3.656396e-02	6.987319e-01
1	2.11951	3.075737e-01	6.945859e+01	-9.303001e-01	-2.337766e-01	6.923745e-01
4	0.74854	2.997145e-01	7.027609e+01	-1.039214e+00	7.891352e-02	7.002348e-01
2	0.59368	3.017665e-01	7.014480e+01	-1.004970e+00	-5.739703e-02	6.981826e-01
2	1.0113	2.978216e-01	7.013410e+01	-1.016655e+00	4.859847e-02	7.021275e-01
6	1.21719	2.954021e-01	7.037517e+01	-1.032080e+00	8.760223e-02	7.045474e-01
5	1.7919	2.964579e-01	7.058580e+01	-1.078308e+00	1.779344e-01	7.034919e-01
3	0.27762	3.011656e-01	6.995777e+01	-9.917192e-01	-5.145505e-02	6.987833e-01
6	0.75225	2.950637e-01	7.042162e+01	-1.041031e+00	1.212806e-01	7.048859e-01
2	0.96746	2.962893e-01	7.000292e+01	-1.014823e+00	1.332346e-01	7.036596e-01
10	1.11024	3.023143e-01	6.972251e+01	-9.664219e-01	-7.236119e-02	6.976342e-01
2	1.53714	2.964161e-01	7.064719e+01	-1.065095e+00	1.278803e-01	7.035338e-01
1	1.16736	3.014270e-01	7.028568e+01	-1.038485e+00	2.283848e-02	6.985224e-01
6	0.86881	3.054116e-01	6.982481e+01	-9.892381e-01	-1.020334e-01	6.945371e-01
3	1.27828	3.024421e-01	7.014951e+01	-1.038021e+00	4.882094e-02	6.975070e-01
1	1.41772	3.007135e-01	7.012732e+01	-1.026479e+00	2.732243e-02	6.992356e-01
10	0.87096	3.028882e-01	7.014299e+01	-1.010217e+00	-6.205364e-02	6.970610e-01
2	1.12279	3.050110e-01	6.985486e+01	-9.990868e-01	-5.542845e-02	6.949377e-01
2	0.82826	2.997857e-01	6.980564e+01	-9.766998e-01	-3.904773e-02	7.001630e-01
1	1.07757	3.065043e-01	6.955050e+01	-9.396745e-01	-2.374739e-01	6.934440e-01
2	1.67195	2.957664e-01	6.980945e+01	-9.865736e-01	8.396981e-02	7.041822e-01
8	1.05523	3.002097e-01	6.967674e+01	-9.812379e-01	1.176374e-02	6.997388e-01
1	1.0972	2.988974e-01	6.973763e+01	-9.926352e-01	6.816742e-02	7.010511e-01
11	1.65667	3.018770e-01	6.951262e+01	-9.719253e-01	1.918344e-03	6.980712e-01
12	1.51595	2.986779e-01	6.975801e+01	-1.003457e+00	1.006648e-01	7.012707e-01
2	1.13803	2.973454e-01	7.024066e+01	-1.050535e+00	1.563499e-01	7.026039e-01
2	1.02696	2.960659e-01	7.017995e+01	-1.016665e+00	7.241969e-02	7.038832e-01
1	0.81356	3.020006e-01	6.959649e+01	-9.642460e-01	-6.086622e-02	6.979477e-01
19	0.885885	3.065557e-01	6.961613e+01	-9.471691e-01	-2.273115e-01	6.933927e-01
6	0.85423	3.043460e-01	6.982639e+01	-9.986510e-01	-3.837555e-02	6.956027e-01
4	0.99516	3.038209e-01	6.978885e+01	-9.789139e-01	-7.746087e-02	6.961277e-01
10	1.19181	3.018482e-01	6.987894e+01	-9.487306e-01	-1.940678e-01	6.981006e-01
5	1.04192	3.060808e-01	6.966444e+01	-9.340320e-01	-2.718196e-01	6.938677e-01
3	1.20655	3.029692e-01	6.979095e+01	-9.392224e-01	-2.256663e-01	6.969794e-01
5	1.06451	2.982054e-01	6.997168e+01	-9.684370e-01	-7.502770e-02	7.017434e-01
14	0.150756	2.979551e-01	7.006571e+01	-1.007538e+00	4.510857e-02	7.019939e-01
2	0.173682	2.992925e-01	6.995391e+01	-9.868932e-01	-1.787518e-02	7.006563e-01
2	0.62575	3.043953e-01	6.966193e+01	-9.456659e-01	-2.002427e-01	6.955531e-01
7	0.92814	3.032116e-01	6.994458e+01	-9.648694e-01	-1.772125e-01	6.967373e-01
2	0.628175	3.002611e-01	7.003159e+01	-9.812732e-01	-9.360326e-02	6.996879e-01
2	0.633135	2.989156e-01	6.992699e+01	-9.932447e-01	2.963263e-02	7.010332e-01
5	0.36596	2.982792e-01	6.997039e+01	-1.000758e+00	5.259310e-02	7.016697e-01
6	1.09676	3.077204e-01	6.952802e+01	-9.359341e-01	-2.526449e-01	6.922279e-01
4	0.791475	3.056028e-01	6.947998e+01	-9.422667e-01	-1.761171e-01	6.943454e-01
3	0.964365	3.020834e-01	6.995078e+01	-9.731684e-01	-1.148725e-01	6.978654e-01
1	1.59074	3.088881e-01	6.931781e+01	-9.138674e-01	-2.941106e-01	6.910598e-01
1	2.66716	3.056435e-01	6.960797e+01	-9.009685e-01	-3.709247e-01	6.943048e-01
1	2.31589	3.047746e-01	6.988879e+01	-9.461984e-01	-2.556326e-01	6.951742e-01
1	1.40119	3.076389e-01	6.971486e+01	-9.427824e-01	-2.898547e-01	6.923096e-01
1	1.29844	3.063941e-01	6.990630e+01	-9.850538e-01	-1.653511e-01	6.935546e-01
6	1.35529	3.041732e-01	6.983283e+01	-1.003377e+00	-3.432871e-02	6.957755e-01
2	1.20191	3.009959e-01	7.024235e+01	-1.047447e+00	9.031463e-02	6.989534e-01
3	1.29965	2.982980e-01	7.022633e+01	-1.060199e+00	1.945440e-01	7.016512e-01
8	1.66854	2.950037e-01	7.042124e+01	-1.070681e+00	2.511811e-01	7.049459e-01
14	0.81003	2.975931e-01	7.013208e+01	-1.013508e+00	7.430374e-02	7.023560e-01
6	0.378931	3.008744e-01	6.982480e+01	-9.965285e-01	1.759747e-02	6.990742e-01
6	0.480943	2.955901e-01	7.034793e+01	-1.032704e+00	1.111172e-01	7.043593e-01
1	2.03902	2.972005e-01	7.047241e+01	-1.018248e+00	-2.365188e-02	7.027491e-01
1	0.59356	3.008285e-01	7.020516e+01	-1.008540e+00	-4.482508e-02	6.991207e-01
1	1.18132	3.047248e-01	6.983623e+01	-9.550217e-01	-2.081181e-01	6.952239e-01
3	1.80187	3.040502e-01	7.004626e+01	-9.680959e-01	-2.152582e-01	6.958988e-01
1	1.60499	3.004872e-01	6.996700e+01	-9.687964e-01	-9.874770e-02	6.994617e-01
8	0.301166	3.023431e-01	6.979423e+01	-9.855924e-01	-3.458609e-02	6.976056e-01
24	0.181395	3.017904e-01	6.995528e+01	-9.993141e-01	-2.077822e-02	6.981585e-01
10	1.00196	3.074103e-01	6.959502e+01	-9.501072e-01	-2.246360e-01	6.925380e-01
1	1.43351	3.087475e-01	6.935283e+01	-9.177830e-01	-2.995893e-01	6.912005e-01
1	0.599995	2.966515e-01	7.004722e+01	-1.018141e+00	1.244722e-01	7.032975e-01
5	0.64716	2.961353e-01	7.015204e+01	-1.025288e+00	1.344013e-01	7.038138e-01
6	0.104334	2.995313e-01	6.998699e+01	-1.007503e+00	4.380680e-02	7.004176e-01
1	0.60606	3.050447e-01	6.964261e+01	-9.633811e-01	-1.267461e-01	6.949037e-01
10	0.91241	3.027283e-01	6.976811e+01	-9.857989e-01	-5.363820e-02	6.972203e-01
1	0.445819	3.044513e-01	6.968762e+01	-9.681742e-01	-1.118864e-01	6.954972e-01
4	0.881225	3.052968e-01	6.950921e+01	-9.348947e-01	-1.971367e-01	6.946514e-01
17	0.776705	3.017384e-01	6.961541e+01	-9.612640e-01	-7.372619e-02	6.982100e-01
6	0.55259	2.998934e-01	7.011113e+01	-1.029316e+00	7.018589e-02	7.000557e-01
1	0.5162	3.028931e-01	6.966981e+01	-9.644966e-01	-8.471650e-02	6.970554e-01
3	1.01317	2.975382e-01	7.020167e+01	-1.043874e+00	1.391512e-01	7.024110e-01
2	0.361819	3.000154e-01	7.006171e+01	-1.024540e+00	7.643436e-02	6.999336e-01
2	1.87847	2.977375e-01	7.019598e+01	-1.053807e+00	2.021357e-01	7.022117e-01
1	1.31296	3.059961e-01	6.982967e+01	-9.892950e-01	-1.235613e-01	6.939526e-01
3	1.39813	3.078923e-01	6.959856e+01	-9.552217e-01	-2.217378e-01	6.920560e-01
1	1.85893	2.977760e-01	7.006080e+01	-9.665225e-01	-1.034566e-01	7.021730e-01
5	0.285216	2.970957e-01	7.008427e+01	-1.003084e+00	4.314063e-02	7.028534e-01
8	1.03053	2.940646e-01	7.048776e+01	-1.040387e+00	1.298082e-01	7.058850e-01
1	1.16438	2.995373e-01	6.995831e+01	-1.030395e+00	1.365382e-01	7.004115e-01
5	0.942375	3.010634e-01	7.007132e+01	-1.000298e+00	-5.905859e-02	6.988856e-01
4	1.76924	2.961864e-01	7.014456e+01	-9.802901e-01	-4.179508e-02	7.037627e-01
2	1.45878	2.995899e-01	7.046649e+01	-1.037532e+00	8.630607e-03	7.003597e-01
1	1.61797	2.986199e-01	7.031367e+01	-1.023123e+00	4.147258e-02	7.013295e-01
2	1.49923	3.064068e-01	6.991920e+01	-9.676446e-01	-2.382363e-01	6.935420e-01
1	2.35351	3.063746e-01	6.991925e+01	-9.662186e-01	-2.618487e-01	6.935742e-01
1	2.58144	3.084614e-01	6.962276e+01	-9.069296e-01	-4.247111e-01	6.914870e-01
1	1.02398	3.057790e-01	6.959170e+01	-9.263265e-01	-2.782527e-01	6.941693e-01
1	1.58742	3.012531e-01	7.038509e+01	-1.028046e+00	-3.702229e-02	6.986964e-01
5	3.02203	3.011429e-01	7.057581e+01	-1.071311e+00	6.498932e-02	6.988069e-01
1	2.34521	3.010685e-01	7.050981e+01	-1.043308e+00	-1.568654e-02	6.988812e-01
1	1.45782	2.946429e-01	7.049168e+01	-1.059302e+00	1.987387e-01	7.053067e-01
23	0.525915	3.017276e-01	7.012639e+01	-1.002384e+00	-6.951601e-02	6.982215e-01
14	0.483664	3.046731e-01	6.967557e+01	-9.645210e-01	-1.367157e-01	6.952754e-01
3	0.389348	3.028370e-01	6.975637e+01	-9.855135e-01	-4.150388e-02	6.971115e-01
2	1.10766	3.049131e-01	6.954480e+01	-9.696511e-01	-7.620776e-02	6.950352e-01
4	1.8559	3.064540e-01	6.953337e+01	-9.713434e-01	-8.655376e-02	6.934943e-01
11	1.66193	3.045030e-01	6.988420e+01	-1.016441e+00	1.086848e-02	6.954457e-01
2	1.9931	3.037786e-01	6.985037e+01	-9.973476e-01	-6.542745e-02	6.961701e-01
1	1.02277	3.073869e-01	6.946960e+01	-9.395034e-01	-2.158002e-01	6.925613e-01
1	0.453355	3.036833e-01	6.964308e+01	-9.518177e-01	-1.437486e-01	6.962651e-01
5	0.745165	2.975866e-01	7.031284e+01	-1.016408e+00	2.447745e-02	7.023628e-01
4	0.64899	3.025178e-01	7.000629e+01	-1.010133e+00	-6.216308e-03	6.974311e-01
6	1.02087	2.976077e-01	6.989844e+01	-9.843375e-01	5.857390e-03	7.023410e-01
3	1.40477	3.068345e-01	6.934340e+01	-9.066482e-01	-2.968816e-01	6.931135e-01
3	1.14983	3.028025e-01	6.955369e+01	-9.410257e-01	-1.568642e-01	6.971458e-01
1	1.27757	3.052011e-01	6.961040e+01	-9.478190e-01	-2.031700e-01	6.947472e-01
6	0.494168	3.000761e-01	6.991582e+01	-9.735794e-01	-8.330933e-02	6.998727e-01
15	0.53417	3.011623e-01	7.008174e+01	-9.880725e-01	-9.776259e-02	6.987867e-01
2	2.02126	2.969352e-01	7.021223e+01	-9.849483e-01	-4.623920e-02	7.030140e-01
1	2.09713	2.966247e-01	7.017656e+01	-9.858178e-01	-2.201898e-02	7.033245e-01
3	3.07945	3.049936e-01	6.935972e+01	-9.044355e-01	-2.457482e-01	6.949544e-01
3	3.97411	3.008616e-01	6.969620e+01	-9.123488e-01	-2.396698e-01	6.990868e-01
7	1.82085	2.969564e-01	7.008709e+01	-9.865540e-01	2.689241e-03	7.029926e-01
7	0.85158	3.015067e-01	7.007861e+01	-1.024088e+00	2.499556e-02	6.984424e-01
7	0.322196	3.006403e-01	6.976441e+01	-9.812615e-01	-1.268585e-02	6.993083e-01
4	0.27039	3.011973e-01	7.009833e+01	-1.015777e+00	4.504147e-03	6.987518e-01
1	1.13865	3.050989e-01	6.995256e+01	-9.719653e-01	-1.970568e-01	6.948500e-01
12	1.11713	3.025301e-01	6.998881e+01	-9.645483e-01	-1.790077e-01	6.974188e-01
1	0.96574	2.973093e-01	7.038470e+01	-1.027572e+00	5.403625e-02	7.026402e-01
5	1.03184	3.041181e-01	7.000500e+01	-9.874044e-01	-1.258135e-01	6.958308e-01
9	0.97213	2.974283e-01	7.032233e+01	-1.044704e+00	1.374381e-01	7.025211e-01
4	1.20884	2.948271e-01	7.032848e+01	-1.067735e+00	2.567416e-01	7.051223e-01
1	1.28404	2.990608e-01	7.026651e+01	-1.058864e+00	1.513451e-01	7.008885e-01
3	1.59121	3.027137e-01	7.005699e+01	-1.029995e+00	2.655842e-02	6.972353e-01
10	0.69946	3.045786e-01	6.974911e+01	-9.673958e-01	-1.529413e-01	6.953700e-01
9	0.359426	3.031238e-01	6.993023e+01	-9.977543e-01	-5.428645e-02	6.968250e-01
2	0.444347	2.994768e-01	6.983770e+01	-9.802354e-01	-8.761348e-03	7.004719e-01
11	0.98247	2.995019e-01	6.997475e+01	-9.992243e-01	-3.582031e-03	7.004470e-01
2	0.511845	3.045642e-01	6.964395e+01	-9.552009e-01	-1.612159e-01	6.953842e-01
6	0.298482	2.992451e-01	6.994736e+01	-1.007288e+00	5.136481e-02	7.007037e-01
6	0.314239	3.027437e-01	6.982452e+01	-9.810185e-01	-8.255972e-02	6.972050e-01
17	0.490106	3.045579e-01	6.971515e+01	-9.763193e-01	-9.559848e-02	6.953906e-01
6	0.510185	2.976538e-01	7.007789e+01	-1.030891e+00	1.341895e-01	7.022953e-01
1	0.625035	3.033325e-01	6.978224e+01	-9.655284e-01	-1.447843e-01	6.966161e-01
1	0.358056	3.015662e-01	7.001289e+01	-9.986037e-01	-5.047666e-02	6.983827e-01
1	1.00046	3.045756e-01	6.978107e+01	-9.667415e-01	-1.381371e-01	6.953731e-01
7	2.18376	3.060007e-01	6.991583e+01	-9.992290e-01	-8.480309e-02	6.939481e-01
4	1.91825	3.059735e-01	7.007301e+01	-1.002390e+00	-1.422619e-01	6.939756e-01
10	0.69266	3.056031e-01	6.976171e+01	-9.762829e-01	-1.300639e-01	6.943455e-01
8	1.28192	3.009034e-01	6.962929e+01	-9.659836e-01	-4.993489e-02	6.990450e-01
2	2.0189	2.972732e-01	6.992123e+01	-1.017939e+00	1.224633e-01	7.026756e-01
1	1.87955	2.913199e-01	7.051006e+01	-1.085231e+00	3.275134e-01	7.086298e-01
1	0.61579	2.985411e-01	7.017893e+01	-1.032426e+00	8.573662e-02	7.014081e-01
1	1.54374	3.047221e-01	6.958095e+01	-9.658063e-01	-8.126088e-02	6.952262e-01
3	1.45209	3.001132e-01	7.029041e+01	-1.059836e+00	1.292566e-01	6.998361e-01
3	1.77431	2.981660e-01	7.035040e+01	-1.075852e+00	2.203841e-01	7.017834e-01
3	1.77069	3.050595e-01	6.974783e+01	-1.005493e+00	-7.219581e-03	6.948891e-01
8	0.86641	3.003518e-01	6.964040e+01	-9.680886e-01	-2.503660e-02	6.995966e-01
12	0.520225	2.996155e-01	7.001312e+01	-1.023199e+00	9.521062e-02	7.003335e-01
1	0.483395	3.010469e-01	6.995837e+01	-1.015644e+00	4.514768e-02	6.989020e-01
6	0.757585	3.059851e-01	6.962388e+01	-9.600916e-01	-1.656806e-01	6.939632e-01
3	0.95178	3.043278e-01	6.977704e+01	-9.781986e-01	-1.184778e-01	6.956208e-01
1	0.999925	3.016617e-01	7.023220e+01	-1.036566e+00	3.077261e-02	6.982876e-01
2	0.974825	2.978520e-01	7.045630e+01	-1.042630e+00	6.159171e-02	7.020976e-01
4	0.750395	3.006923e-01	7.025568e+01	-1.015367e+00	-2.997681e-02	6.992570e-01
6	0.91927	2.981130e-01	7.013101e+01	-9.885755e-01	-3.547448e-02	7.018362e-01
3	1.208	2.924709e-01	7.042021e+01	-1.064502e+00	2.652830e-01	7.074787e-01
2	0.5965	3.016396e-01	6.998066e+01	-9.847694e-01	-9.749667e-02	6.983093e-01
11	0.672625	2.974773e-01	7.019365e+01	-1.032293e+00	1.254274e-01	7.024720e-01
4	1.02188	3.005503e-01	6.967864e+01	-9.512434e-01	-8.969812e-02	6.993981e-01
2	0.50315	3.026465e-01	6.979607e+01	-9.642387e-01	-1.172075e-01	6.973021e-01
7	0.94496	3.033797e-01	6.988733e+01	-9.933073e-01	-4.526543e-02	6.965691e-01
13	1.39044	2.991550e-01	6.979267e+01	-9.730597e-01	-7.112245e-03	7.007936e-01
5	0.353605	3.034952e-01	6.977984e+01	-9.752212e-01	-9.103412e-02	6.964534e-01
10	0.349442	2.986544e-01	7.007101e+01	-9.909910e-01	-2.992390e-02	7.012947e-01
3	0.277815	2.991197e-01	6.999050e+01	-1.011057e+00	5.448613e-02	7.008292e-01
15	0.198222	3.013237e-01	6.999566e+01	-1.006894e+00	-4.176768e-03	6.986252e-01
13	0.28605	3.016137e-01	6.976370e+01	-9.731330e-01	-5.689171e-02	6.983349e-01
2	0.381097	3.005235e-01	7.004329e+01	-1.022069e+00	5.506116e-02	6.994255e-01
1	0.71862	2.953628e-01	7.009207e+01	-1.024776e+00	1.507098e-01	7.045863e-01
1	0.091648	2.994772e-01	7.000473e+01	-1.009302e+00	4.614450e-02	7.004717e-01
4	0.781235	3.007960e-01	7.019493e+01	-1.012134e+00	-4.064082e-02	6.991532e-01
6	1.49215	2.931733e-01	7.069582e+01	-1.068736e+00	1.874031e-01	7.067766e-01
4	1.55288	2.938390e-01	7.072146e+01	-1.073014e+00	1.850863e-01	7.061109e-01
4	1.56764	3.038830e-01	6.949417e+01	-9.263921e-01	-2.187319e-01	6.960652e-01
2	0.62116	2.980241e-01	7.023694e+01	-1.006506e+00	-1.042907e-02	7.019252e-01
2	1.21363	2.993067e-01	7.006619e+01	-9.847137e-01	-7.896432e-02	7.006423e-01
3	1.79879	3.055937e-01	6.979641e+01	-9.367758e-01	-3.083336e-01	6.943550e-01
1	1.76708	3.083984e-01	6.927505e+01	-9.218877e-01	-2.536840e-01	6.915494e-01
1	2.52877	3.115175e-01	6.925763e+01	-9.042607e-01	-3.894626e-01	6.884303e-01
1	1.1461	3.066675e-01	6.940718e+01	-9.252757e-01	-2.460879e-01	6.932805e-01
1	1.10601	3.045940e-01	6.941493e+01	-9.226340e-01	-2.092132e-01	6.953540e-01
1	1.99764	3.065767e-01	6.926179e+01	-9.003359e-01	-2.758494e-01	6.933711e-01
7	1.90444	3.042885e-01	6.968868e+01	-9.286911e-01	-2.481654e-01	6.956599e-01
7	1.05338	3.016847e-01	7.016481e+01	-9.988395e-01	-7.910081e-02	6.982644e-01
7	1.39031	3.039960e-01	6.996547e+01	-1.002764e+00	-4.528687e-02	6.959529e-01
1	2.67731	2.982805e-01	7.021988e+01	-1.020612e+00	7.577709e-02	7.016688e-01
2	1.93847	2.957000e-01	7.062703e+01	-1.064629e+00	1.591487e-01	7.042498e-01
2	2.36064	2.928290e-01	7.055914e+01	-1.071146e+00	2.614333e-01	7.071207e-01
1	1.09909	2.950068e-01	7.033067e+01	-1.040606e+00	1.387041e-01	7.049426e-01
1	1.09976	2.948514e-01	7.022729e+01	-1.049437e+00	2.070072e-01	7.050979e-01
3	0.776165	2.944842e-01	7.043573e+01	-1.061508e+00	2.149483e-01	7.054654e-01
10	0.0658545	2.999811e-01	6.991003e+01	-9.908949e-01	-5.584680e-03	6.999677e-01
7	0.692535	2.989672e-01	7.001693e+01	-9.944016e-01	8.807091e-03	7.009818e-01
1	0.774125	3.004967e-01	6.984513e+01	-1.009252e+00	7.236267e-02	6.994520e-01
4	1.00384	2.964321e-01	7.046163e+01	-1.071462e+00	1.972820e-01	7.035175e-01
1	1.45022	2.942171e-01	7.052517e+01	-1.065126e+00	2.175229e-01	7.057326e-01
2	0.360977	2.984593e-01	7.026280e+01	-1.025470e+00	5.494656e-02	7.014900e-01
2	0.81862	3.037386e-01	6.982617e+01	-9.670087e-01	-1.352481e-01	6.962100e-01
4	1.00418	3.018541e-01	7.017928e+01	-1.009401e+00	-4.650179e-02	6.980950e-01
2	0.61425	3.002176e-01	7.020957e+01	-1.038705e+00	7.537043e-02	6.997316e-01
1	0.667305	3.058972e-01	6.963325e+01	-9.615337e-01	-1.578830e-01	6.940512e-01
4	0.366882	3.021603e-01	6.988905e+01	-9.979702e-01	-2.551644e-02	6.977885e-01
1	0.365712	2.993305e-01	6.997541e+01	-1.001668e+00	1.629606e-02	7.006184e-01
1	1.74853	3.043268e-01	6.932962e+01	-9.139237e-01	-2.177633e-01	6.956212e-01
1	2.73338	2.957729e-01	6.998213e+01	-9.889833e-01	2.331544e-02	7.041760e-01
1	0.266514	2.984152e-01	7.008335e+01	-1.008131e+00	2.899241e-02	7.015338e-01
8	1.13961	2.944054e-01	7.004091e+01	-1.010627e+00	1.339046e-01	7.055436e-01
2	0.98597	2.946272e-01	7.021941e+01	-1.049816e+00	2.226167e-01	7.053220e-01
7	1.73403	2.919801e-01	7.061593e+01	-1.065718e+00	2.122224e-01	7.079697e-01
12	1.02081	3.040136e-01	6.947413e+01	-9.516423e-01	-1.013759e-01	6.959346e-01
3	0.106855	2.985241e-01	6.999299e+01	-9.990087e-01	2.829562e-02	7.014248e-01
1	2.36017	2.908183e-01	7.029011e+01	-1.019754e+00	1.668346e-01	7.091311e-01
1	0.610395	2.982406e-01	7.028134e+01	-1.016764e+00	2.253619e-02	7.017088e-01
4	0.512495	3.003868e-01	7.021643e+01	-1.012184e+00	-3.050708e-02	6.995624e-01
11	0.58057	2.972992e-01	7.018095e+01	-1.000048e+00	1.420794e-03	7.026500e-01
13	0.578995	2.977830e-01	6.996301e+01	-9.811531e-01	-1.462857e-02	7.021659e-01
2	1.25483	3.003670e-01	7.015301e+01	-1.000860e+00	-6.834849e-02	6.995821e-01
1	1.76206	2.982391e-01	7.059634e+01	-1.055778e+00	6.510578e-02	7.017107e-01
6	2.91377	2.969546e-01	7.073208e+01	-1.103633e+00	2.412426e-01	7.029954e-01
9	0.646445	2.988771e-01	7.036239e+01	-1.039204e+00	6.539104e-02	7.010724e-01
2	1.18525	2.923567e-01	7.047706e+01	-1.059919e+00	2.390651e-01	7.075929e-01
3	1.63064	2.967597e-01	7.044699e+01	-1.029769e+00	3.050973e-02	7.031899e-01
1	1.75582	3.021484e-01	7.007184e+01	-9.672662e-01	-1.825656e-01	6.978006e-01
1	2.77404	2.981992e-01	7.025573e+01	-9.796559e-01	-1.040196e-01	7.017501e-01
3	2.11611	2.961675e-01	7.066295e+01	-1.075298e+00	1.779436e-01	7.037824e-01
8	1.5695	2.997839e-01	7.019070e+01	-1.041477e+00	1.203824e-01	7.001653e-01
6	0.70653	3.002038e-01	6.990188e+01	-1.005907e+00	5.760570e-02	6.997450e-01
6	0.90969	2.987884e-01	6.977295e+01	-9.933753e-01	6.606705e-02	7.011602e-01
3	1.00678	2.926755e-01	7.040696e+01	-1.059112e+00	2.411762e-01	7.072740e-01
4	1.37686	2.982751e-01	6.972640e+01	-9.876481e-01	7.060931e-02	7.016734e-01
3	0.120168	3.017374e-01	6.984521e+01	-9.880069e-01	-3.610001e-02	6.982113e-01
2	0.51623	2.967897e-01	7.027212e+01	-1.022633e+00	6.076500e-02	7.031596e-01
4	0.377957	3.014481e-01	7.007756e+01	-9.987490e-01	-6.429886e-02	6.985009e-01
1	1.62237	3.013834e-01	6.976630e+01	-9.357360e-01	-2.080577e-01	6.985652e-01
2	1.17203	3.045652e-01	6.946776e+01	-9.332794e-01	-1.947289e-01	6.953829e-01
1	0.77582	3.002403e-01	6.982332e+01	-1.000043e+00	3.698254e-02	6.997084e-01
1	0.393674	3.002497e-01	6.987729e+01	-9.934408e-01	1.577364e-02	6.996991e-01
4	1.70924	2.971117e-01	6.992403e+01	-9.891639e-01	5.531655e-02	7.028371e-01
2	0.578155	2.997186e-01	6.984631e+01	-9.937593e-01	3.616306e-02	7.002301e-01
21	0.55579	2.983569e-01	7.019839e+01	-1.041839e+00	1.358168e-01	7.015923e-01
1	0.92352	2.974542e-01	7.029676e+01	-1.038887e+00	1.232718e-01	7.024951e-01
1	1.18142	3.014277e-01	7.026213e+01	-1.043873e+00	5.320331e-02	6.985216e-01
11	0.7255	3.037187e-01	6.985062e+01	-9.926656e-01	-4.807874e-02	6.962300e-01
1	1.10174	3.053267e-01	6.968449e+01	-9.807278e-01	-7.666129e-02	6.946218e-01
4	1.21813	3.034426e-01	6.957900e+01	-9.511320e-01	-1.114475e-01	6.965057e-01
1	1.53849	3.049953e-01	6.944123e+01	-9.342873e-01	-1.958928e-01	6.949528e-01
4	0.74598	3.016691e-01	7.006288e+01	-9.827019e-01	-1.125268e-01	6.982799e-01
4	0.882525	3.027151e-01	6.977279e+01	-9.978439e-01	1.192746e-02	6.972335e-01
15	0.039332	3.010431e-01	6.993714e+01	-9.961636e-01	-1.814396e-02	6.989058e-01
9	0.119808	3.015157e-01	6.993969e+01	-9.892815e-01	-5.798181e-02	6.984331e-01
19	0.145903	3.003460e-01	7.007399e+01	-9.976691e-01	-3.762254e-02	6.996031e-01
1	0.70098	3.014649e-01	7.013435e+01	-9.927288e-01	-9.974043e-02	6.984842e-01
1	0.598115	3.033827e-01	6.965825e+01	-9.443440e-01	-1.810591e-01	6.965657e-01
4	0.519715	3.022023e-01	7.007100e+01	-1.013896e+00	-9.129667e-03	6.977467e-01
2	0.240657	2.985854e-01	7.022488e+01	-1.032853e+00	8.748719e-02	7.013638e-01
6	0.51047	2.982869e-01	7.034150e+01	-1.045940e+00	1.028120e-01	7.016625e-01
1	1.62891	3.005889e-01	7.044610e+01	-1.052043e+00	4.948303e-02	6.993607e-01
15	2.18514	2.904665e-01	7.077194e+01	-1.109623e+00	3.661912e-01	7.094835e-01
3	1.51588	2.968032e-01	7.024291e+01	-1.062723e+00	2.135055e-01	7.031461e-01
2	0.71776	3.027565e-01	6.972190e+01	-9.907868e-01	-6.987925e-03	6.971920e-01
2	1.79818	3.069837e-01	6.980534e+01	-9.844762e-01	-1.596524e-01	6.929649e-01
5	0.6788	3.001614e-01	7.021957e+01	-1.037854e+00	6.644580e-02	6.997878e-01
7	0.564645	3.041347e-01	6.974697e+01	-9.722838e-01	-1.225364e-01	6.958139e-01
5	2.21138	3.030702e-01	7.021527e+01	-1.033472e+00	-2.150563e-02	6.968791e-01
2	0.99192	2.989191e-01	7.014810e+01	-1.026148e+00	5.852748e-02	7.010301e-01
5	0.80777	2.980918e-01	6.999167e+01	-1.008397e+00	5.687808e-02	7.018572e-01
9	1.5999	2.947384e-01	7.017342e+01	-9.937953e-01	3.598873e-02	7.052107e-01
2	0.936665	2.940260e-01	7.020381e+01	-1.016978e+00	1.167140e-01	7.059232e-01
8	1.24252	2.930162e-01	7.021482e+01	-1.040129e+00	2.156618e-01	7.069330e-01
1	2.2813	2.918729e-01	7.026708e+01	-1.064192e+00	3.105938e-01	7.080764e-01
2	2.12934	2.941254e-01	7.021030e+01	-1.063787e+00	2.757028e-01	7.058238e-01
8	0.55695	3.034364e-01	6.982465e+01	-9.944152e-01	-4.371124e-02	6.965122e-01
8	0.50458	3.015728e-01	6.976553e+01	-9.874632e-01	-1.636304e-02	6.983758e-01
1	0.326385	3.009424e-01	6.983461e+01	-9.667283e-01	-9.817551e-02	6.990063e-01
1	0.616485	3.031988e-01	6.966689e+01	-9.445864e-01	-1.681111e-01	6.967497e-01
1	0.608165	3.027189e-01	6.960585e+01	-9.500746e-01	-1.189618e-01	6.972295e-01
5	0.751585	3.049361e-01	6.991585e+01	-9.791170e-01	-1.592951e-01	6.950127e-01
10	1.3567	2.979942e-01	7.044584e+01	-1.025870e+00	-5.407982e-04	7.019554e-01
7	1.07689	3.044926e-01	6.958070e+01	-9.242114e-01	-2.554478e-01	6.954557e-01
1	0.926045	3.054160e-01	6.974953e+01	-9.489048e-01	-2.225595e-01	6.945326e-01
5	0.676455	3.022596e-01	6.999222e+01	-9.976906e-01	-3.932778e-02	6.976893e-01
2	1.09191	2.948447e-01	7.048012e+01	-1.067626e+00	2.226959e-01	7.051050e-01
3	1.06161	2.957061e-01	7.032864e+01	-1.065304e+00	2.242046e-01	7.042433e-01
6	0.709595	2.947336e-01	7.021275e+01	-1.031577e+00	1.505274e-01	7.052156e-01
1	1.33801	2.952170e-01	7.004433e+01	-1.016880e+00	1.514030e-01	7.047320e-01
1	0.65611	3.058878e-01	6.956950e+01	-9.419607e-01	-2.126596e-01	6.940605e-01
9	0.83905	2.995001e-01	6.988486e+01	-9.933794e-01	3.798469e-03	7.004487e-01
5	1.4025	3.035153e-01	6.959695e+01	-9.338279e-01	-2.150349e-01	6.964330e-01
1	0.983955	3.017282e-01	6.953794e+01	-9.456511e-01	-9.874552e-02	6.982201e-01
13	0.625355	2.999463e-01	6.984753e+01	-9.665135e-01	-8.695311e-02	7.000024e-01
6	0.452639	3.040891e-01	6.987552e+01	-9.719834e-01	-1.534435e-01	6.958596e-01
27	0.291318	3.010429e-01	7.008975e+01	-9.990987e-01	-4.769900e-02	6.989062e-01
8	0.84925	2.977957e-01	7.042365e+01	-1.060548e+00	1.486609e-01	7.021539e-01
5	0.714795	2.963176e-01	7.020743e+01	-1.047486e+00	1.902146e-01	7.036316e-01
4	0.503015	3.022929e-01	6.988389e+01	-1.006196e+00	1.018583e-02	6.976558e-01
5	1.35023	3.038719e-01	6.983193e+01	-9.706788e-01	-1.195861e-01	6.960768e-01
8	1.63904	3.083983e-01	6.945743e+01	-9.189336e-01	-3.045913e-01	6.915499e-01
9	1.26176	3.068682e-01	6.943412e+01	-9.280607e-01	-2.519329e-01	6.930799e-01
2	1.41009	2.949369e-01	7.011191e+01	-9.950634e-01	4.015610e-02	7.050122e-01
5	1.60859	2.979439e-01	6.974811e+01	-9.649328e-01	-2.975161e-02	7.020046e-01
4	0.95606	3.011501e-01	6.959983e+01	-9.697614e-01	-2.115140e-02	6.987983e-01
11	0.258134	2.990397e-01	7.012575e+01	-1.008457e+00	6.058303e-03	7.009094e-01
1	0.422225	3.021380e-01	7.000437e+01	-9.833974e-01	-1.037713e-01	6.978109e-01
2	1.09813	3.009676e-01	7.013611e+01	-9.971351e-01	-8.738271e-02	6.989815e-01
4	0.573605	3.033672e-01	6.995021e+01	-9.952740e-01	-8.104567e-02	6.965816e-01
5	0.51209	3.043189e-01	6.984255e+01	-9.822134e-01	-1.149992e-01	6.956298e-01
4	1.88987	3.022285e-01	7.037017e+01	-1.032422e+00	-4.326029e-02	6.977210e-01
1	1.00981	2.976495e-01	7.050442e+01	-1.050829e+00	8.784829e-02	7.023002e-01
1	1.77809	2.990691e-01	7.041387e+01	-1.025446e+00	-2.466736e-02	7.008804e-01
1	1.82861	3.041084e-01	6.996627e+01	-9.706165e-01	-2.084420e-01	6.958405e-01
1	1.66377	3.096897e-01	6.941019e+01	-9.157545e-01	-3.485639e-01	6.902583e-01
1	1.59434	3.075697e-01	6.939762e+01	-9.090631e-01	-3.069978e-01	6.923784e-01
16	0.63266	3.053386e-01	6.978772e+01	-9.616996e-01	-1.891755e-01	6.946100e-01
1	0.314597	3.025105e-01	6.994396e+01	-9.967584e-01	-5.316114e-02	6.974383e-01
11	0.276593	3.010585e-01	6.989421e+01	-1.003770e+00	2.548079e-02	6.988902e-01
2	0.170621	2.980914e-01	7.002835e+01	-1.012897e+00	7.554958e-02	7.018575e-01
1	0.353625	2.996814e-01	6.983779e+01	-9.927110e-01	2.962603e-02	7.002672e-01
4	1.27869	3.027614e-01	7.018527e+01	-1.028375e+00	-1.498502e-02	6.971878e-01
1	1.26933	3.074461e-01	6.952411e+01	-9.576175e-01	-1.722813e-01	6.925022e-01
4	0.47777	3.017160e-01	6.999663e+01	-1.001205e+00	-1.817771e-02	6.982330e-01
3	0.47367	2.994068e-01	6.983557e+01	-9.762103e-01	-3.581004e-02	7.005419e-01
4	2.21828	3.051350e-01	6.944366e+01	-8.946058e-01	-3.366350e-01	6.948131e-01
1	2.15943	3.007891e-01	6.954276e+01	-9.184062e-01	-1.869104e-01	6.991591e-01
9	1.96054	3.046274e-01	6.945978e+01	-9.007853e-01	-3.077372e-01	6.953207e-01
1	2.19431	3.080994e-01	6.934773e+01	-8.858044e-01	-4.046360e-01	6.918485e-01
1	2.04734	3.109328e-01	6.933841e+01	-9.124735e-01	-3.652126e-01	6.890152e-01
4	1.46437	3.027078e-01	7.014547e+01	-9.842559e-01	-1.682218e-01	6.972414e-01
14	1.27701	3.070430e-01	6.959568e+01	-9.249832e-01	-3.147183e-01	6.929054e-01
2	0.57752	3.021327e-01	6.966401e+01	-9.624834e-01	-9.200138e-02	6.978157e-01
2	1.2165	3.055377e-01	6.950668e+01	-9.245119e-01	-2.606658e-01	6.944105e-01
14	1.46199	3.053695e-01	6.970927e+01	-9.432004e-01	-2.560704e-01	6.945790e-01
4	1.47863	3.077895e-01	6.968320e+01	-9.382156e-01	-2.975024e-01	6.921590e-01
3	1.23441	3.066690e-01	6.981181e+01	-9.569439e-01	-2.525340e-01	6.932796e-01
1	1.36884	3.063606e-01	6.972880e+01	-9.477221e-01	-2.637658e-01	6.935880e-01
4	1.71464	3.097674e-01	6.952421e+01	-9.262287e-01	-3.420313e-01	6.901808e-01
3	0.63606	3.039269e-01	6.978043e+01	-9.587516e-01	-1.606006e-01	6.960217e-01
8	0.69372	2.988085e-01	7.022864e+01	-1.034490e+00	9.718332e-02	7.011408e-01
3	0.928435	2.942240e-01	7.051356e+01	-1.068601e+00	2.248201e-01	7.057257e-01
7	0.311237	3.007195e-01	7.011964e+01	-1.009301e+00	-2.208044e-02	6.992296e-01
2	0.357405	3.023303e-01	6.988324e+01	-9.912711e-01	-3.615908e-02	6.976185e-01
23	1.2082	3.056643e-01	6.958853e+01	-9.756066e-01	-8.427245e-02	6.942840e-01
13	0.18606	3.002330e-01	7.004604e+01	-9.920527e-01	-4.531225e-02	6.997160e-01
3	0.423337	3.002554e-01	6.974346e+01	-9.692475e-01	-4.324419e-02	6.996932e-01
1	0.72891	3.050699e-01	6.951085e+01	-9.478968e-01	-1.544531e-01	6.948783e-01
13	0.79455	3.015881e-01	6.985526e+01	-1.005753e+00	2.269154e-02	6.983606e-01
4	1.16287	2.927266e-01	7.044444e+01	-1.065696e+00	2.486823e-01	7.072230e-01
3	0.86834	2.978828e-01	7.019786e+01	-9.961178e-01	-3.540579e-02	7.020664e-01
10	0.7544	2.991338e-01	6.998961e+01	-9.753884e-01	-6.392585e-02	7.008151e-01
5	0.160411	3.024369e-01	6.980932e+01	-9.701596e-01	-1.025802e-01	6.975117e-01
13	0.096556	2.994417e-01	7.004950e+01	-9.960406e-01	-1.889965e-02	7.005073e-01
3	1.68958	2.942551e-01	7.008198e+01	-1.011739e+00	1.418733e-01	7.056940e-01
1	1.24758	3.055042e-01	6.935196e+01	-9.280153e-01	-1.848170e-01	6.944438e-01
6	1.77733	3.060461e-01	6.960566e+01	-9.861348e-01	-5.297213e-02	6.939023e-01
1	1.03845	3.029487e-01	6.967055e+01	-9.829402e-01	-3.584404e-02	6.969998e-01
4	1.08996	3.048218e-01	6.961651e+01	-9.780712e-01	-5.928530e-02	6.951266e-01
15	0.706955	2.963817e-01	7.015929e+01	-1.033249e+00	1.564640e-01	7.035674e-01
3	0.766595	2.992647e-01	6.974324e+01	-9.784751e-01	1.384740e-02	7.006839e-01
13	0.531645	2.982114e-01	6.985262e+01	-9.909250e-01	4.494309e-02	7.017374e-01
10	0.65612	2.973474e-01	7.011288e+01	-1.038046e+00	1.616090e-01	7.026016e-01
2	0.60262	2.997220e-01	7.016394e+01	-1.038103e+00	9.397856e-02	7.002272e-01
1	1.38262	3.055079e-01	7.001076e+01	-9.892457e-01	-1.578928e-01	6.944411e-01
2	0.681345	2.997031e-01	7.026379e+01	-1.029043e+00	4.607860e-02	7.002462e-01
3	0.981005	3.023050e-01	7.014322e+01	-9.931622e-01	-1.141260e-01	6.976442e-01
1	0.94568	2.955458e-01	7.046962e+01	-1.035576e+00	8.645123e-02	7.044039e-01
7	0.66252	3.049702e-01	6.988228e+01	-9.780387e-01	-1.539165e-01	6.949786e-01
14	0.168459	2.990940e-01	7.013065e+01	-1.023307e+00	7.060756e-02	7.008551e-01
1	0.463386	2.977683e-01	6.992121e+01	-9.991982e-01	5.877630e-02	7.021805e-01
10	0.470946	3.004725e-01	6.973260e+01	-9.802016e-01	-5.375745e-03	6.994761e-01
9	1.00699	2.994652e-01	6.985128e+01	-9.806807e-01	-3.387348e-02	7.004836e-01
12	0.579285	3.007093e-01	7.003746e+01	-1.014914e+00	1.841270e-02	6.992397e-01
6	0.62986	3.019155e-01	6.971484e+01	-9.503352e-01	-1.340040e-01	6.980330e-01
18	0.296476	2.974283e-01	7.024960e+01	-1.020890e+00	6.077710e-02	7.025210e-01
2	1.20324	3.032210e-01	7.013431e+01	-1.018222e+00	-3.022836e-02	6.967282e-01
3	0.38321	3.000071e-01	7.004210e+01	-1.015987e+00	3.771880e-02	6.999419e-01
2	1.0173	2.975596e-01	7.001127e+01	-9.755753e-01	-4.253200e-02	7.023894e-01
5	1.17295	2.951669e-01	7.045491e+01	-1.071473e+00	2.183072e-01	7.047826e-01
1	0.97911	2.934320e-01	7.052983e+01	-1.070376e+00	2.317470e-01	7.065177e-01
4	0.422673	2.960219e-01	7.030946e+01	-1.027063e+00	8.709250e-02	7.039275e-01
2	0.54933	2.987273e-01	7.012607e+01	-9.937320e-01	-2.881608e-02	7.012218e-01
1	1.62935	2.934499e-01	7.031068e+01	-1.013520e+00	8.237221e-02	7.064994e-01
3	2.61393	2.978147e-01	7.025716e+01	-9.795720e-01	-1.171846e-01	7.021346e-01
2	2.97097	3.001509e-01	7.052965e+01	-1.021681e+00	-8.927901e-02	6.997988e-01
2	3.24227	2.976722e-01	7.027615e+01	-9.770072e-01	-1.101537e-01	7.022771e-01
2	2.47893	2.956085e-01	7.059316e+01	-1.041339e+00	5.234554e-02	7.043412e-01
1	1.64637	3.043668e-01	6.968389e+01	-9.868962e-01	-5.890938e-02	6.955817e-01
2	0.428704	3.012510e-01	7.008411e+01	-9.916946e-01	-8.536471e-02	6.986980e-01
1	1.01675	3.042145e-01	7.004013e+01	-1.008900e+00	-6.984552e-02	6.957345e-01
8	1.00721	2.972427e-01	7.045750e+01	-1.048999e+00	1.141027e-01	7.027068e-01
5	0.62107	2.963058e-01	7.045877e+01	-1.052752e+00	1.343583e-01	7.036438e-01
7	0.92029	2.939306e-01	7.051448e+01	-1.060322e+00	2.010590e-01	7.060190e-01
11	1.8966	2.897583e-01	7.062260e+01	-1.080606e+00	3.111363e-01	7.101916e-01
1	1.19701	2.950538e-01	7.015108e+01	-1.034744e+00	1.674472e-01	7.048953e-01
1	0.945395	2.982278e-01	7.015036e+01	-1.038770e+00	1.221741e-01	7.017213e-01
7	1.27642	2.958212e-01	6.999974e+01	-1.023310e+00	1.560470e-01	7.041277e-01
1	0.508045	2.958758e-01	7.018060e+01	-1.036091e+00	1.573047e-01	7.040734e-01
7	0.950495	3.048464e-01	6.987851e+01	-1.000082e+00	-6.585092e-02	6.951023e-01
5	0.340077	3.035272e-01	6.989461e+01	-9.915980e-01	-7.156814e-02	6.964216e-01
6	0.302729	3.016116e-01	6.985232e+01	-9.953570e-01	-5.704575e-04	6.983371e-01
5	0.319674	3.004920e-01	7.017130e+01	-1.021131e+00	2.108464e-02	6.994572e-01
2	0.843475	3.040115e-01	7.003599e+01	-9.989052e-01	-1.034989e-01	6.959375e-01
4	0.50512	3.003606e-01	6.995735e+01	-9.713503e-01	-1.016060e-01	6.995883e-01
21	0.59638	3.018254e-01	6.975125e+01	-9.504403e-01	-1.513338e-01	6.981232e-01
3	0.658265	3.056727e-01	6.970910e+01	-9.500457e-01	-2.199636e-01	6.942758e-01
6	0.23856	2.992390e-01	7.000415e+01	-9.909010e-01	-1.362039e-02	7.007099e-01
6	0.52601	2.985532e-01	6.999451e+01	-1.018542e+00	9.104857e-02	7.013957e-01
15	0.519965	2.993479e-01	7.029958e+01	-1.034320e+00	4.862351e-02	7.006015e-01
2	0.843975	2.965964e-01	7.039445e+01	-1.050218e+00	1.506044e-01	7.033531e-01
1	0.24515	2.979739e-01	7.027949e+01	-1.032614e+00	7.879216e-02	7.019754e-01
2	0.635495	2.949194e-01	7.047197e+01	-1.052192e+00	1.577872e-01	7.050302e-01
1	0.834825	2.993577e-01	7.010118e+01	-9.913721e-01	-6.191257e-02	7.005914e-01
15	0.45099	2.963711e-01	7.007028e+01	-1.004727e+00	6.499457e-02	7.035779e-01
4	1.07065	3.048571e-01	6.943881e+01	-9.209386e-01	-2.253361e-01	6.950910e-01
6	0.423828	3.031927e-01	6.962705e+01	-9.528221e-01	-1.322776e-01	6.967557e-01
2	1.0351	3.059076e-01	6.939525e+01	-9.313602e-01	-1.962409e-01	6.940404e-01
7	1.22878	3.075860e-01	6.943535e+01	-9.413280e-01	-2.103729e-01	6.923621e-01
7	0.900335	3.030465e-01	7.003475e+01	-9.965983e-01	-7.417419e-02	6.969025e-01
1	0.57133	2.958224e-01	7.041265e+01	-1.057459e+00	1.734582e-01	7.041271e-01
6	1.53588	2.945315e-01	7.069790e+01	-1.089977e+00	2.377993e-01	7.054185e-01
9	0.670595	3.021882e-01	6.984617e+01	-9.696250e-01	-1.260913e-01	6.977605e-01
12	0.717535	3.049406e-01	6.953940e+01	-9.549778e-01	-1.277939e-01	6.950077e-01
1	0.608785	3.041643e-01	6.954733e+01	-9.497224e-01	-1.345802e-01	6.957840e-01
2	0.247614	3.007950e-01	6.981875e+01	-9.899794e-01	-2.975463e-03	6.991537e-01
15	0.68592	3.052793e-01	6.974968e+01	-9.722884e-01	-1.297459e-01	6.946693e-01
5	1.67203	2.971898e-01	6.984413e+01	-9.815596e-01	4.505413e-02	7.027589e-01
1	1.73208	2.932725e-01	7.046313e+01	-1.037466e+00	1.516356e-01	7.066771e-01
1	2.16784	2.925794e-01	7.084688e+01	-1.087336e+00	2.227043e-01	7.073708e-01
1	1.25915	2.942466e-01	7.036106e+01	-1.035380e+00	1.533549e-01	7.057028e-01
4	1.57233	2.993154e-01	7.020337e+01	-1.056252e+00	1.728537e-01	7.006338e-01
7	1.58381	3.053780e-01	6.979106e+01	-9.794506e-01	-1.060936e-01	6.945706e-01
6	1.14995	3.043375e-01	6.981480e+01	-9.704347e-01	-1.276157e-01	6.956112e-01
1	1.06087	3.038980e-01	7.002601e+01	-1.008879e+00	-6.505666e-02	6.960509e-01
2	0.86361	2.984308e-01	7.022087e+01	-1.030532e+00	6.509917e-02	7.015184e-01
5	0.77071	3.023716e-01	7.013038e+01	-1.022271e+00	-8.541531e-03	6.975775e-01
2	2.54787	3.024087e-01	7.041532e+01	-1.054106e+00	1.833110e-02	6.975408e-01
7	1.55467	2.959681e-01	7.061182e+01	-1.070354e+00	1.750845e-01	7.039818e-01
3	0.79367	2.994481e-01	7.028197e+01	-1.043887e+00	9.993115e-02	7.005012e-01
12	0.328356	2.999168e-01	6.982877e+01	-9.750729e-01	-4.594996e-02	7.000318e-01
5	1.00296	2.968305e-01	7.035240e+01	-1.024063e+00	6.202956e-02	7.031189e-01
4	1.1826	2.994029e-01	7.007754e+01	-9.781083e-01	-8.233309e-02	7.005461e-01
7	1.61342	3.084661e-01	6.957710e+01	-9.623856e-01	-1.846579e-01	6.914822e-01
4	2.30657	3.071513e-01	6.952911e+01	-9.634820e-01	-1.608177e-01	6.927969e-01
9	1.36997	3.070191e-01	6.946780e+01	-9.563092e-01	-1.494502e-01	6.929291e-01
1	2.72271	3.050200e-01	6.927339e+01	-9.477949e-01	-8.742834e-02	6.949279e-01
1	1.53611	2.995880e-01	6.975969e+01	-1.004255e+00	8.236579e-02	7.003606e-01
2	1.27555	3.043368e-01	7.005713e+01	-1.016316e+00	-4.989077e-02	6.956122e-01
7	1.35703	2.995492e-01	7.036324e+01	-1.064459e+00	1.420814e-01	7.004003e-01
1	1.62428	2.975565e-01	7.034666e+01	-1.048945e+00	1.489106e-01	7.023929e-01
1	1.34127	3.022345e-01	7.022706e+01	-1.008419e+00	-7.552511e-02	6.977147e-01
3	1.7976	2.993660e-01	7.050748e+01	-1.042232e+00	1.030332e-02	7.005836e-01
7	1.79288	2.957573e-01	7.035908e+01	-1.022160e+00	4.456497e-02	7.041922e-01
4	1.69027	3.020290e-01	7.016399e+01	-1.029240e+00	2.117820e-04	6.979202e-01
8	0.91129	3.041344e-01	6.989506e+01	-1.006042e+00	-3.382980e-02	6.958144e-01
1	2.91152	3.013647e-01	7.038245e+01	-1.005625e+00	-1.424178e-01	6.985848e-01
2	2.63683	2.957398e-01	7.046978e+01	-1.012872e+00	-1.627071e-02	7.042098e-01
1	2.77657	3.030910e-01	7.035154e+01	-1.020372e+00	-8.444537e-02	6.968584e-01
1	1.97686	3.078808e-01	6.932388e+01	-8.931541e-01	-3.534841e-01	6.920671e-01
9	2.05368	3.021043e-01	6.935558e+01	-9.194543e-01	-1.525987e-01	6.978437e-01
1	1.83969	3.022794e-01	6.944936e+01	-9.403581e-01	-9.314049e-02	6.976687e-01
2	1.63455	3.017572e-01	6.969846e+01	-9.351469e-01	-1.764596e-01	6.981913e-01
1	2.97532	2.960492e-01	6.996335e+01	-9.639527e-01	-2.928524e-02	7.038997e-01
2	2.57959	2.984872e-01	6.985915e+01	-9.386332e-01	-1.570583e-01	7.014615e-01
2	2.10563	3.050217e-01	6.950565e+01	-9.021456e-01	-3.322907e-01	6.949265e-01
10	0.867585	3.054201e-01	6.949402e+01	-9.260961e-01	-2.382855e-01	6.945281e-01
1	0.349533	3.035896e-01	6.972193e+01	-9.708925e-01	-1.043816e-01	6.963589e-01
5	1.34932	3.069021e-01	6.961113e+01	-9.421329e-01	-2.296956e-01	6.930462e-01
9	1.65446	2.980070e-01	6.992987e+01	-9.906907e-01	4.182100e-03	7.019419e-01
2	1.76839	2.918021e-01	7.034053e+01	-1.060251e+00	2.844446e-01	7.081473e-01
2	1.91774	2.914080e-01	7.028899e+01	-1.030961e+00	2.018285e-01	7.085414e-01
2	0.56269	2.974943e-01	6.994533e+01	-9.940166e-01	3.525286e-02	7.024545e-01
7	0.866345	2.957498e-01	7.051007e+01	-1.054934e+00	1.347869e-01	7.041999e-01
5	0.318113	3.010017e-01	7.013705e+01	-1.010745e+00	-2.455991e-02	6.989474e-01
7	0.319746	3.021782e-01	6.996648e+01	-9.974580e-01	-3.625654e-02	6.977706e-01
9	0.388198	3.020976e-01	6.977841e+01	-9.571178e-01	-1.363777e-01	6.978510e-01
7	0.329395	2.992308e-01	6.993514e+01	-9.904071e-01	6.872903e-03	7.007180e-01
12	0.820385	2.985540e-01	7.005413e+01	-9.852671e-01	-3.124774e-02	7.013950e-01
2	0.94851	3.043827e-01	6.945458e+01	-9.278205e-01	-1.969179e-01	6.955654e-01
1	0.79122	3.057137e-01	6.951448e+01	-9.326994e-01	-2.196522e-01	6.942345e-01
2	2.57369	3.103636e-01	6.953311e+01	-9.072355e-01	-4.293113e-01	6.895846e-01
1	2.47311	3.070502e-01	6.991174e+01	-9.470279e-01	-3.296200e-01	6.928986e-01
2	1.93942	3.060416e-01	7.005796e+01	-1.002746e+00	-1.429737e-01	6.939074e-01
5	1.63803	3.080897e-01	6.953557e+01	-9.418646e-01	-2.621807e-01	6.918585e-01
1	0.62327	3.029649e-01	6.984193e+01	-9.739299e-01	-9.823663e-02	6.969838e-01
2	0.379065	3.012504e-01	6.992988e+01	-9.983099e-01	-4.730558e-04	6.986985e-01
4	1.12967	2.981940e-01	7.023970e+01	-1.010012e+00	1.876150e-02	7.017553e-01
7	0.800015	2.956113e-01	7.005623e+01	-9.988660e-01	6.766402e-02	7.043377e-01
7	1.4023	2.961780e-01	7.019361e+01	-1.056422e+00	2.318404e-01	7.037712e-01
1	1.3209	2.939783e-01	7.007723e+01	-1.026826e+00	1.886830e-01	7.059707e-01
3	2.02275	2.974428e-01	6.969922e+01	-9.510508e-01	-4.145533e-02	7.025057e-01
3	1.28354	3.023395e-01	6.972104e+01	-9.441010e-01	-1.598249e-01	6.976090e-01
4	1.499	2.991269e-01	7.008914e+01	-1.006376e+00	3.722400e-02	7.008222e-01
3	0.663195	2.970816e-01	7.024857e+01	-1.006910e+00	9.953644e-03	7.028677e-01
1	1.00454	3.047783e-01	6.975182e+01	-9.870129e-01	-8.177540e-02	6.951703e-01
1	1.9426	2.997808e-01	7.044661e+01	-1.064036e+00	9.815999e-02	7.001688e-01
2	0.297783	2.981595e-01	7.005734e+01	-1.023346e+00	1.073482e-01	7.017895e-01
7	0.832	3.008579e-01	6.961715e+01	-9.590713e-01	-6.227346e-02	6.990905e-01
1	1.09831	2.958646e-01	7.024979e+01	-1.044455e+00	1.587968e-01	7.040847e-01
1	1.79764	2.938980e-01	7.017926e+01	-1.038905e+00	1.928074e-01	7.060512e-01
5	1.32462	2.922837e-01	7.044790e+01	-1.071481e+00	2.789933e-01	7.076659e-01
5	1.53181	2.917330e-01	7.059324e+01	-1.077306e+00	2.670518e-01	7.082167e-01
4	1.37177	2.995061e-01	6.976414e+01	-1.005445e+00	9.144782e-02	7.004424e-01
3	0.81935	3.050715e-01	6.970652e+01	-9.812678e-01	-9.042115e-02	6.948770e-01
9	0.781525	2.980354e-01	7.003417e+01	-1.026985e+00	1.361340e-01	7.019135e-01
4	1.07913	3.001078e-01	6.970282e+01	-9.795468e-01	1.818059e-02	6.998407e-01
5	0.542315	3.004283e-01	6.984786e+01	-9.819415e-01	-1.939665e-02	6.995204e-01
6	0.85996	3.000806e-01	6.981709e+01	-9.931476e-01	3.815613e-02	6.998681e-01
2	2.54201	3.054676e-01	6.948533e+01	-9.757596e-01	-6.109552e-02	6.944806e-01
3	2.25514	3.006530e-01	6.997922e+01	-1.011196e+00	7.862908e-03	6.992959e-01
1	1.16403	3.033214e-01	6.951632e+01	-9.608702e-01	-7.746268e-02	6.966268e-01
11	1.59233	3.049170e-01	6.954024e+01	-9.266149e-01	-2.557580e-01	6.950312e-01
6	1.42437	2.981610e-01	7.036773e+01	-1.013975e+00	-2.971993e-02	7.017885e-01
11	1.04277	3.023287e-01	6.968272e+01	-9.583191e-01	-9.306561e-02	6.976198e-01
1	0.945135	3.020847e-01	7.016293e+01	-1.003555e+00	-8.914382e-02	6.978645e-01
1	1.79841	3.003062e-01	7.033908e+01	-1.013714e+00	-4.346354e-02	6.996432e-01
7	1.13909	2.978149e-01	7.027645e+01	-1.057780e+00	1.668704e-01	7.021345e-01
1	0.703085	3.032513e-01	6.982840e+01	-1.001586e+00	-6.471890e-03	6.966974e-01
1	0.334701	3.023270e-01	7.003203e+01	-1.004182e+00	-3.875428e-02	6.976220e-01
1	1.75499	2.985712e-01	7.010444e+01	-1.026292e+00	1.171785e-01	7.013779e-01
5	1.73283	3.011419e-01	7.015526e+01	-1.051707e+00	1.310761e-01	6.988073e-01
2	0.96962	3.042004e-01	6.999695e+01	-1.004842e+00	-6.104664e-02	6.957485e-01
1	1.4028	2.998986e-01	7.032378e+01	-1.005624e+00	-7.291549e-02	7.000508e-01
4	0.754885	2.967720e-01	7.041057e+01	-1.030528e+00	5.636619e-02	7.031775e-01
6	3.63131	2.934251e-01	7.092088e+01	-1.137768e+00	3.738694e-01	7.065251e-01
1	2.70253	2.929474e-01	7.090629e+01	-1.116869e+00	3.173075e-01	7.070028e-01
1	1.92893	2.950087e-01	7.060735e+01	-1.097925e+00	2.903361e-01	7.049411e-01
3	2.35272	2.935240e-01	7.038885e+01	-1.086549e+00	3.211627e-01	7.064255e-01
1	0.679945	2.957138e-01	7.004964e+01	-1.016194e+00	1.240026e-01	7.042352e-01
7	0.566355	2.977922e-01	6.987327e+01	-9.905531e-01	4.607572e-02	7.021566e-01
12	0.625395	2.995107e-01	6.974393e+01	-9.787436e-01	8.723782e-04	7.004379e-01
7	0.574955	2.963554e-01	7.006536e+01	-1.024662e+00	1.397608e-01	7.035936e-01
1	1.05929	2.970614e-01	6.983547e+01	-9.757705e-01	1.483649e-02	7.028872e-01
3	0.966095	2.991986e-01	6.983737e+01	-9.575044e-01	-9.621042e-02	7.007500e-01
5	1.09647	2.959152e-01	7.006654e+01	-9.872693e-01	1.611984e-02	7.040338e-01
6	0.16546	2.974382e-01	7.022753e+01	-1.030930e+00	9.844322e-02	7.025111e-01
6	1.36532	2.994585e-01	7.013282e+01	-1.005593e+00	-2.837622e-02	7.004906e-01
9	0.776775	3.001698e-01	6.977992e+01	-9.539447e-01	-1.110824e-01	6.997788e-01
2	0.620775	2.975804e-01	7.013365e+01	-9.939952e-01	-9.519767e-03	7.023687e-01
1	0.73913	3.008927e-01	6.977754e+01	-9.782615e-01	-4.691032e-02	6.990559e-01
9	0.920745	3.065290e-01	6.947616e+01	-9.453317e-01	-1.814353e-01	6.934191e-01
10	1.29662	3.070013e-01	6.933854e+01	-9.195664e-01	-2.407274e-01	6.929467e-01
3	1.07068	3.039589e-01	6.991423e+01	-9.887589e-01	-8.257213e-02	6.959899e-01
1	0.631655	3.041498e-01	6.972522e+01	-9.694941e-01	-1.056891e-01	6.957987e-01
1	0.52987	3.015750e-01	6.995665e+01	-9.907546e-01	-4.078211e-02	6.983738e-01
2	0.444327	3.019996e-01	7.007858e+01	-1.007721e+00	-2.968851e-02	6.979495e-01
3	0.48304	2.968223e-01	7.011841e+01	-9.996248e-01	2.944483e-02	7.031268e-01
8	0.343895	2.967542e-01	7.024448e+01	-1.017029e+00	5.601500e-02	7.031951e-01
4	0.190174	2.974019e-01	7.011266e+01	-1.011462e+00	6.509645e-02	7.025472e-01
2	0.322075	2.983729e-01	7.021580e+01	-1.015103e+00	3.161082e-02	7.015763e-01
7	0.88511	2.977258e-01	7.016105e+01	-1.019068e+00	8.497415e-02	7.022234e-01
1	1.90213	3.000445e-01	7.023901e+01	-1.004861e+00	-3.380951e-02	6.999047e-01
5	0.651865	2.996329e-01	6.986172e+01	-9.689417e-01	-5.969149e-02	7.003158e-01
4	0.456828	3.029748e-01	6.985338e+01	-9.765274e-01	-9.468837e-02	6.969739e-01
12	1.69886	3.089937e-01	6.956749e+01	-9.385991e-01	-2.793289e-01	6.909546e-01
2	0.928235	3.057762e-01	6.967096e+01	-9.473524e-01	-2.081127e-01	6.941722e-01
1	0.717955	3.034692e-01	6.955835e+01	-9.496767e-01	-1.200327e-01	6.964790e-01
12	0.626875	2.979602e-01	6.985989e+01	-9.786203e-01	8.736670e-04	7.019886e-01
8	1.12807	2.977907e-01	6.977541e+01	-9.922463e-01	7.530359e-02	7.021579e-01
5	1.6408	2.960524e-01	7.015775e+01	-1.055475e+00	2.252864e-01	7.038967e-01
8	0.658265	2.991713e-01	7.016881e+01	-1.013119e+00	2.361582e-03	7.007779e-01
6	0.758445	3.013812e-01	6.985610e+01	-9.682582e-01	-1.178536e-01	6.985675e-01
5	0.856495	2.964135e-01	7.028845e+01	-1.014771e+00	3.389204e-02	7.035358e-01
3	0.356005	2.971921e-01	7.030164e+01	-1.040869e+00	1.149815e-01	7.027573e-01
3	0.231207	2.993593e-01	7.010947e+01	-1.001763e+00	-1.839856e-02	7.005898e-01
1	0.62286	2.976683e-01	7.003818e+01	-9.965732e-01	3.286824e-02	7.022807e-01
2	1.30789	2.966191e-01	6.994473e+01	-1.007772e+00	1.207402e-01	7.033297e-01
2	0.575035	3.016250e-01	7.006644e+01	-9.920165e-01	-7.490002e-02	6.983240e-01
3	0.615875	3.007078e-01	6.976857e+01	-9.572120e-01	-1.112387e-01	6.992408e-01
11	0.112719	2.998534e-01	7.009826e+01	-1.018327e+00	4.327864e-02	7.000956e-01
2	0.9851	2.998169e-01	6.979179e+01	-9.838836e-01	-1.029395e-02	7.001317e-01
1	1.90042	3.038756e-01	6.966913e+01	-9.308909e-01	-2.598499e-01	6.960729e-01
1	2.70169	3.018515e-01	7.010304e+01	-9.643599e-01	-1.898946e-01	6.980976e-01
4	1.73265	2.957270e-01	7.037358e+01	-1.006689e+00	-1.352849e-03	7.042225e-01
4	0.92099	2.967272e-01	7.040552e+01	-1.032868e+00	6.003859e-02	7.032223e-01
14	0.69679	2.990152e-01	7.017279e+01	-1.034562e+00	1.086704e-01	7.009340e-01
10	0.358828	2.986757e-01	7.015838e+01	-1.035911e+00	1.144150e-01	7.012735e-01
1	1.03361	2.969779e-01	7.025094e+01	-1.058465e+00	2.070014e-01	7.029713e-01
7	0.55297	3.010503e-01	7.005877e+01	-9.944304e-01	-7.141975e-02	6.988987e-01
4	1.72985	2.959106e-01	7.022300e+01	-1.000001e+00	1.779092e-03	7.040386e-01
1	1.56197	2.997000e-01	7.003403e+01	-9.832958e-01	-8.729026e-02	7.002490e-01
5	1.05431	3.060724e-01	6.957670e+01	-9.245898e-01	-2.856718e-01	6.938759e-01
6	1.38749	2.963868e-01	7.025181e+01	-1.004547e+00	2.905737e-02	7.035625e-01
6	2.29327	2.994281e-01	6.965620e+01	-9.337979e-01	-1.240267e-01	7.005203e-01
4	2.48169	3.011588e-01	6.989551e+01	-9.409651e-01	-2.010628e-01	6.987900e-01
1	1.90633	2.984433e-01	7.037654e+01	-1.009652e+00	-3.183910e-02	7.015061e-01
2	1.30377	2.919791e-01	7.031739e+01	-1.042646e+00	2.192949e-01	7.079703e-01
1	1.06079	2.982844e-01	6.997210e+01	-1.020890e+00	1.059890e-01	7.016645e-01
5	0.61498	2.979586e-01	7.015914e+01	-1.037647e+00	1.247925e-01	7.019906e-01
9	0.516715	3.005241e-01	6.999325e+01	-1.018845e+00	6.824341e-02	6.994249e-01
6	0.658195	2.984574e-01	6.997765e+01	-1.018712e+00	9.748214e-02	7.014915e-01
12	0.433138	3.007276e-01	7.008167e+01	-1.005720e+00	-2.843425e-02	6.992215e-01
1	0.335961	2.962551e-01	7.031245e+01	-1.030236e+00	9.594991e-02	7.036943e-01
2	1.15129	2.976058e-01	7.039564e+01	-1.051838e+00	1.110839e-01	7.023437e-01
3	1.90299	2.903460e-01	7.051601e+01	-1.078792e+00	3.266575e-01	7.096037e-01
8	0.823845	2.934128e-01	7.031844e+01	-1.038340e+00	1.747138e-01	7.065366e-01
8	0.75248	2.968345e-01	7.023976e+01	-1.031095e+00	9.502574e-02	7.031148e-01
4	1.41614	2.974160e-01	7.014322e+01	-1.029862e+00	1.004268e-01	7.025331e-01
2	1.25362	2.997891e-01	7.011903e+01	-1.011371e+00	-8.941238e-03	7.001600e-01
5	1.93839	2.971915e-01	6.992283e+01	-9.916423e-01	6.524339e-02	7.027573e-01
18	0.328804	2.990863e-01	6.984140e+01	-9.843642e-01	5.344868e-03	7.008624e-01
2	0.349645	2.987574e-01	7.003487e+01	-1.022188e+00	9.225307e-02	7.011916e-01
1	0.453817	3.008171e-01	7.017580e+01	-1.025659e+00	3.047351e-02	6.991321e-01
3	0.755225	3.048812e-01	6.985222e+01	-9.864547e-01	-1.149104e-01	6.950675e-01
1	0.548985	3.017576e-01	6.970655e+01	-9.815490e-01	-2.217336e-02	6.981909e-01
5	0.412559	3.020062e-01	6.981949e+01	-9.969892e-01	3.663648e-03	6.979425e-01
4	0.25985	3.009735e-01	7.002508e+01	-1.014287e+00	3.031590e-02	6.989754e-01
4	0.640885	2.983062e-01	7.039448e+01	-1.046793e+00	9.317268e-02	7.016433e-01
6	0.69375	3.008612e-01	6.991407e+01	-1.015086e+00	5.799421e-02	6.990876e-01
5	1.97582	3.072916e-01	6.962213e+01	-9.806258e-01	-1.179875e-01	6.926568e-01
3	0.297375	3.013533e-01	7.000724e+01	-1.004541e+00	-2.078998e-02	6.985957e-01
5	0.684905	3.010656e-01	7.023748e+01	-1.028637e+00	1.161487e-02	6.988837e-01
4	2.62736	3.007720e-01	7.047348e+01	-1.070843e+00	9.514584e-02	6.991776e-01
1	2.68968	3.078723e-01	6.996852e+01	-1.001299e+00	-1.605802e-01	6.920766e-01
3	2.60356	3.017625e-01	6.985011e+01	-9.737799e-01	-1.197841e-01	6.981862e-01
5	1.65932	2.985449e-01	6.985204e+01	-9.908869e-01	1.732132e-02	7.014038e-01
2	0.92423	2.976286e-01	7.002709e+01	-1.009441e+00	5.829447e-02	7.023204e-01
5	1.13795	3.018434e-01	6.997932e+01	-9.817580e-01	-1.187978e-01	6.981055e-01
5	1.43864	3.024676e-01	7.023752e+01	-1.014843e+00	-7.976949e-02	6.974817e-01
6	0.217305	2.969373e-01	7.018400e+01	-1.020462e+00	8.708714e-02	7.030119e-01
