1	3.09465	2.963586e-01	6.957660e+01	-9.552785e-01	1.999843e-02	7.035897e-01
1	2.9234	3.011259e-01	6.977913e+01	-9.598751e-01	-7.808102e-02	6.988227e-01
2	1.26973	3.023051e-01	6.949562e+01	-9.602418e-01	-4.788009e-02	6.976431e-01
5	1.29817	2.943500e-01	7.023619e+01	-1.053914e+00	2.305705e-01	7.055992e-01
1	1.41227	2.926278e-01	7.032677e+01	-1.056092e+00	2.591410e-01	7.073216e-01
7	1.33107	2.988072e-01	7.047864e+01	-1.065453e+00	1.292169e-01	7.011424e-01
11	1.0195	3.025970e-01	6.995065e+01	-1.017855e+00	2.011865e-02	6.973519e-01
3	0.907125	3.054603e-01	6.956367e+01	-9.523808e-01	-1.483572e-01	6.944880e-01
2	0.216615	3.005914e-01	6.988651e+01	-9.952695e-01	9.860272e-03	6.993574e-01
6	0.335402	3.021978e-01	6.967899e+01	-9.654551e-01	-7.747912e-02	6.977506e-01
3	0.567295	3.033564e-01	6.982050e+01	-9.615641e-01	-1.515073e-01	6.965923e-01
1	1.21138	3.066829e-01	6.972032e+01	-9.793618e-01	-1.366021e-01	6.932656e-01
4	1.35797	3.038925e-01	6.952315e+01	-9.584865e-01	-1.052301e-01	6.960557e-01
11	1.27466	2.969885e-01	7.054242e+01	-1.075222e+00	1.854081e-01	7.029612e-01
2	1.86458	3.008420e-01	6.982077e+01	-9.942780e-01	3.643422e-02	6.991067e-01
2	0.76644	3.011072e-01	6.980096e+01	-9.618218e-01	-9.445021e-02	6.988415e-01
6	1.30656	3.026110e-01	6.954725e+01	-9.316806e-01	-1.637162e-01	6.973373e-01
12	1.32628	3.028368e-01	6.974371e+01	-9.389585e-01	-1.999270e-01	6.971118e-01
2	2.35564	3.053646e-01	6.968994e+01	-9.245793e-01	-2.858198e-01	6.945838e-01
6	2.00386	3.019514e-01	7.027261e+01	-9.932148e-01	-1.524529e-01	6.979979e-01
7	1.39071	2.953787e-01	7.060549e+01	-1.067851e+00	1.585000e-01	7.045711e-01
2	1.51415	2.925223e-01	7.043324e+01	-1.042633e+00	1.899024e-01	7.074273e-01
3	1.74598	2.906732e-01	7.074987e+01	-1.085174e+00	2.815424e-01	7.092768e-01
4	2.3508	2.921689e-01	7.080998e+01	-1.111266e+00	3.232675e-01	7.077812e-01
1	2.48004	2.956852e-01	7.068694e+01	-1.059960e+00	9.398449e-02	7.042647e-01
8	1.46371	2.988760e-01	7.014823e+01	-9.845405e-01	-6.630193e-02	7.010732e-01
5	0.250022	3.034436e-01	6.978438e+01	-9.756257e-01	-9.306823e-02	6.965050e-01
1	0.267547	3.019057e-01	6.988422e+01	-9.699015e-01	-1.179262e-01	6.980430e-01
1	2.43352	2.989131e-01	6.969564e+01	-9.775116e-01	4.414070e-02	7.010354e-01
3	1.81351	2.978669e-01	6.979865e+01	-9.635209e-01	-2.162835e-02	7.020817e-01
1	0.972515	2.951912e-01	7.022639e+01	-1.005912e+00	4.867181e-02	7.047581e-01
3	0.160487	2.986131e-01	6.996964e+01	-9.921398e-01	7.344081e-03	7.013358e-01
1	1.0086	2.978746e-01	6.997383e+01	-1.013200e+00	1.102114e-01	7.020743e-01
7	1.01686	2.957498e-01	7.023518e+01	-1.049410e+00	2.059830e-01	7.041995e-01
5	0.456647	3.019651e-01	6.990398e+01	-1.007895e+00	1.624734e-02	6.979836e-01
2	0.547025	3.023488e-01	7.001107e+01	-9.804713e-01	-1.224486e-01	6.976001e-01
2	0.776245	3.066084e-01	6.957239e+01	-9.515620e-01	-1.908160e-01	6.933399e-01
1	0.763715	3.043208e-01	6.995992e+01	-9.779085e-01	-1.620877e-01	6.956281e-01
5	0.66004	3.035307e-01	6.972790e+01	-9.596050e-01	-1.544252e-01	6.964178e-01
1	0.77457	3.052368e-01	6.952816e+01	-9.556787e-01	-1.305202e-01	6.947114e-01
4	0.527215	3.028782e-01	7.004665e+01	-9.932512e-01	-9.876283e-02	6.970708e-01
1	0.70899	2.960414e-01	6.999519e+01	-1.005136e+00	9.266039e-02	7.039075e-01
18	0.95009	2.942067e-01	7.017358e+01	-1.023581e+00	1.415669e-01	7.057424e-01
2	0.390714	2.980385e-01	7.016163e+01	-1.036824e+00	1.311479e-01	7.019107e-01
2	0.923305	3.020746e-01	7.018710e+01	-1.024575e+00	-1.812550e-04	6.978746e-01
7	0.61365	3.051199e-01	6.980879e+01	-9.667073e-01	-1.793630e-01	6.948287e-01
1	1.83056	2.973174e-01	7.042901e+01	-1.083986e+00	2.432155e-01	7.026322e-01
10	1.03671	2.962995e-01	7.022543e+01	-1.029836e+00	1.023227e-01	7.036498e-01
6	0.698645	2.945763e-01	7.019491e+01	-1.028965e+00	1.508172e-01	7.053730e-01
1	0.220199	3.001233e-01	6.994643e+01	-9.945251e-01	-1.553968e-02	6.998255e-01
11	0.307056	3.014986e-01	6.983413e+01	-9.789283e-01	-6.881682e-02	6.984501e-01
1	1.17216	2.990650e-01	7.003620e+01	-9.703333e-01	-9.782860e-02	7.008840e-01
1	1.09144	2.966643e-01	6.991406e+01	-9.886850e-01	5.596326e-02	7.032845e-01
4	1.43485	3.011074e-01	6.968327e+01	-9.870054e-01	3.434928e-02	6.988411e-01
10	0.83414	3.048247e-01	6.989219e+01	-9.958534e-01	-7.881657e-02	6.951241e-01
1	0.876215	3.059076e-01	6.973579e+01	-9.789644e-01	-1.173301e-01	6.940410e-01
2	1.38705	3.013375e-01	6.977477e+01	-1.010114e+00	8.037844e-02	6.986111e-01
3	1.95379	3.072681e-01	6.942043e+01	-9.537952e-01	-1.344702e-01	6.926799e-01
4	0.826245	3.007797e-01	7.002924e+01	-1.023737e+00	5.294746e-02	6.991693e-01
6	0.317852	3.004968e-01	6.988202e+01	-9.970877e-01	6.179943e-03	6.994520e-01
2	0.85634	2.979546e-01	7.013102e+01	-9.972428e-01	-2.000858e-02	7.019945e-01
3	1.32687	2.966559e-01	7.014222e+01	-9.908623e-01	-1.980103e-02	7.032932e-01
18	2.11309	3.042505e-01	7.015823e+01	-9.847833e-01	-2.070827e-01	6.956987e-01
6	2.4193	3.078018e-01	6.974060e+01	-9.411227e-01	-3.325200e-01	6.921468e-01
1	2.08344	3.041444e-01	7.022871e+01	-1.010497e+00	-1.298034e-01	6.958048e-01
3	0.98808	2.946148e-01	7.030054e+01	-1.023141e+00	9.585799e-02	7.053346e-01
3	1.38553	2.932945e-01	7.040589e+01	-1.049745e+00	1.843607e-01	7.066550e-01
1	1.76971	2.998416e-01	6.961220e+01	-9.861805e-01	6.276530e-02	7.001067e-01
2	1.5251	2.970007e-01	6.993477e+01	-1.020795e+00	1.400681e-01	7.029482e-01
3	0.35572	2.981740e-01	6.992041e+01	-9.874622e-01	1.016789e-02	7.017748e-01
3	0.53795	2.979209e-01	6.995630e+01	-9.955864e-01	4.569217e-02	7.020280e-01
4	0.568225	2.988325e-01	6.994549e+01	-1.006348e+00	7.192590e-02	7.011163e-01
4	0.83597	2.998431e-01	7.002338e+01	-1.015199e+00	6.772999e-02	7.001059e-01
13	0.848225	2.951983e-01	7.047505e+01	-1.070605e+00	2.197709e-01	7.047513e-01
3	1.41732	3.010098e-01	7.036704e+01	-1.032097e+00	-5.028813e-03	6.989396e-01
7	1.21484	2.951693e-01	7.054593e+01	-1.042654e+00	9.590012e-02	7.047804e-01
13	0.731265	3.028253e-01	7.011374e+01	-1.001492e+00	-8.743773e-02	6.971238e-01
6	0.40562	2.964194e-01	7.010845e+01	-1.005914e+00	6.315943e-02	7.035296e-01
4	0.81517	2.948463e-01	7.012838e+01	-1.014031e+00	1.088037e-01	7.051028e-01
10	0.87967	2.938194e-01	7.027332e+01	-1.042346e+00	1.907111e-01	7.061300e-01
9	0.81573	3.005412e-01	6.986109e+01	-9.864241e-01	-5.155238e-03	6.994076e-01
5	0.57318	2.962356e-01	7.014105e+01	-1.005437e+00	5.908550e-02	7.037135e-01
7	1.16347	2.956051e-01	7.021881e+01	-1.001028e+00	2.142122e-02	7.043441e-01
1	0.91267	2.983035e-01	7.029176e+01	-1.020794e+00	1.271515e-02	7.016458e-01
5	0.397253	2.985141e-01	7.020994e+01	-1.016464e+00	3.818352e-02	7.014352e-01
6	0.393739	2.959193e-01	7.027434e+01	-1.043914e+00	1.638919e-01	7.040300e-01
2	0.835255	3.004081e-01	6.983120e+01	-9.929673e-01	1.021813e-03	6.995406e-01
2	0.88197	2.999181e-01	6.980238e+01	-9.714929e-01	-6.031821e-02	7.000305e-01
2	0.62946	3.023226e-01	7.008627e+01	-9.988922e-01	-8.638885e-02	6.976265e-01
7	1.04298	3.044894e-01	6.989597e+01	-9.742721e-01	-1.737560e-01	6.954594e-01
1	1.98582	3.042963e-01	6.998963e+01	-1.005306e+00	-8.788469e-02	6.956526e-01
2	1.02584	2.994687e-01	7.015759e+01	-1.048030e+00	1.379717e-01	7.004805e-01
14	1.20531	3.048891e-01	6.982151e+01	-1.002416e+00	-3.351669e-02	6.950595e-01
2	1.24962	2.987202e-01	6.987814e+01	-1.009765e+00	1.074296e-01	7.012286e-01
2	0.983975	3.020683e-01	7.012410e+01	-9.976083e-01	-7.829891e-02	6.978808e-01
8	0.317223	2.978009e-01	7.015933e+01	-1.012512e+00	5.175475e-02	7.021483e-01
8	0.275137	3.011048e-01	7.011570e+01	-1.016039e+00	2.826872e-03	6.988443e-01
1	0.460703	2.962383e-01	7.031594e+01	-1.040446e+00	1.397849e-01	7.037111e-01
4	0.87697	2.942989e-01	7.028370e+01	-1.030373e+00	1.503828e-01	7.056505e-01
2	1.40258	2.927882e-01	7.052809e+01	-1.069932e+00	2.361488e-01	7.071615e-01
1	1.09712	2.996007e-01	7.022837e+01	-1.039314e+00	1.016886e-01	7.003486e-01
1	0.6346	2.943261e-01	7.038636e+01	-1.038619e+00	1.425173e-01	7.056234e-01
2	0.353568	2.969750e-01	7.008483e+01	-1.012486e+00	8.709539e-02	7.029741e-01
7	0.453866	3.044183e-01	6.966105e+01	-9.680756e-01	-1.068419e-01	6.955301e-01
3	0.80922	3.027338e-01	6.990150e+01	-1.007838e+00	1.242490e-02	6.972150e-01
1	1.76867	2.924859e-01	7.033326e+01	-1.064212e+00	2.893347e-01	7.074635e-01
7	1.41149	3.011497e-01	7.014440e+01	-1.040483e+00	7.228623e-02	6.987994e-01
1	1.08052	3.023624e-01	7.015859e+01	-1.003563e+00	-7.405722e-02	6.975867e-01
12	0.853115	2.947974e-01	7.029759e+01	-1.029797e+00	1.365207e-01	7.051520e-01
10	0.86564	2.975402e-01	6.993609e+01	-9.751789e-01	-2.856951e-02	7.024086e-01
6	0.587185	2.964079e-01	7.030655e+01	-1.047149e+00	1.644366e-01	7.035415e-01
4	0.231546	2.976390e-01	7.022657e+01	-1.027644e+00	7.839242e-02	7.023102e-01
2	1.04188	2.943230e-01	7.018247e+01	-1.012910e+00	1.120800e-01	7.056262e-01
1	0.163975	2.983980e-01	6.999056e+01	-9.943216e-01	1.400138e-02	7.015509e-01
1	0.0893115	2.987268e-01	7.005296e+01	-1.009276e+00	4.005216e-02	7.012222e-01
5	1.76063	2.941255e-01	7.040761e+01	-1.062705e+00	2.444453e-01	7.058240e-01
3	3.03557	2.988485e-01	7.011376e+01	-1.061604e+00	2.312347e-01	7.011006e-01
3	1.87864	3.010897e-01	7.019743e+01	-1.058872e+00	1.406131e-01	6.988595e-01
8	1.47017	3.037948e-01	7.014194e+01	-1.026345e+00	-2.748498e-02	6.961544e-01
1	1.85286	3.072439e-01	6.985917e+01	-9.720899e-01	-2.313849e-01	6.927049e-01
2	1.57301	3.061535e-01	6.991430e+01	-9.744287e-01	-1.904523e-01	6.937953e-01
2	1.2889	3.052355e-01	6.977249e+01	-9.934592e-01	-5.336449e-02	6.947131e-01
19	1.29925	3.051651e-01	6.961721e+01	-9.766089e-01	-6.692094e-02	6.947832e-01
1	0.975795	3.004808e-01	6.998896e+01	-1.030650e+00	1.042386e-01	6.994681e-01
2	0.919425	3.035385e-01	6.991649e+01	-1.012493e+00	-2.067984e-04	6.964103e-01
3	0.93313	3.059987e-01	6.961097e+01	-9.657676e-01	-1.409100e-01	6.939496e-01
1	1.36833	2.955919e-01	7.040346e+01	-1.023804e+00	4.827915e-02	7.043576e-01
5	1.69346	2.952814e-01	7.044652e+01	-1.086634e+00	2.845241e-01	7.046682e-01
4	2.15282	2.996780e-01	7.035524e+01	-1.034452e+00	6.412695e-03	7.002714e-01
4	1.77633	2.966468e-01	7.051011e+01	-1.071510e+00	1.678183e-01	7.033029e-01
3	0.57547	2.963262e-01	7.031574e+01	-1.025225e+00	8.220947e-02	7.036232e-01
4	1.26304	2.957183e-01	7.049425e+01	-1.047773e+00	1.323882e-01	7.042313e-01
4	1.17301	2.933437e-01	7.044199e+01	-1.033989e+00	1.329421e-01	7.066059e-01
1	2.53828	2.925907e-01	7.092835e+01	-1.102868e+00	2.654966e-01	7.073595e-01
1	1.43758	2.997518e-01	7.041800e+01	-1.024994e+00	-2.562118e-02	7.001977e-01
8	0.423671	3.007974e-01	7.019601e+01	-1.017690e+00	-8.913020e-03	6.991518e-01
5	0.566055	3.049911e-01	6.971936e+01	-9.763860e-01	-1.064704e-01	6.949574e-01
3	0.66324	3.029202e-01	6.998090e+01	-1.013971e+00	-4.814674e-04	6.970287e-01
1	0.8415	2.940820e-01	7.044418e+01	-1.063889e+00	2.186365e-01	7.058676e-01
1	0.712005	2.964574e-01	7.047406e+01	-1.060562e+00	1.571018e-01	7.034922e-01
3	1.1803	2.941925e-01	7.062422e+01	-1.067693e+00	1.811156e-01	7.057573e-01
2	1.58337	2.957362e-01	7.012110e+01	-1.015071e+00	8.517575e-02	7.042129e-01
7	0.28579	3.001278e-01	6.987862e+01	-9.870849e-01	-2.329113e-02	6.998210e-01
7	0.478	3.018234e-01	6.975232e+01	-9.534735e-01	-1.376204e-01	6.981251e-01
1	2.06246	3.031357e-01	6.971501e+01	-9.337964e-01	-2.481721e-01	6.968128e-01
3	1.90534	2.974700e-01	6.979826e+01	-9.660736e-01	-4.744558e-03	7.024787e-01
5	1.64061	2.987696e-01	6.973155e+01	-9.557304e-01	-5.038940e-02	7.011789e-01
2	0.274705	2.985517e-01	6.998585e+01	-9.872151e-01	-1.645311e-02	7.013972e-01
9	0.324773	2.975336e-01	7.018312e+01	-1.035851e+00	1.244426e-01	7.024156e-01
1	0.461338	2.971341e-01	7.037474e+01	-1.040942e+00	9.663427e-02	7.028153e-01
3	0.641145	3.024238e-01	6.970259e+01	-9.726095e-01	-5.225056e-02	6.975246e-01
5	1.18033	3.006761e-01	6.986913e+01	-1.010030e+00	7.489240e-02	6.992726e-01
10	0.183642	2.974182e-01	7.020092e+01	-1.027810e+00	9.216938e-02	7.025310e-01
3	0.286652	2.972461e-01	7.025651e+01	-1.040706e+00	1.300910e-01	7.027032e-01
11	0.434281	2.985273e-01	7.017121e+01	-1.035421e+00	1.170726e-01	7.014219e-01
5	0.60145	2.985876e-01	7.023850e+01	-1.006864e+00	-2.057094e-02	7.013617e-01
6	1.22285	2.963401e-01	7.041720e+01	-1.024825e+00	3.529446e-02	7.036095e-01
2	1.07591	2.991051e-01	6.999314e+01	-9.682692e-01	-1.047723e-01	7.008438e-01
21	1.17999	3.008781e-01	7.027875e+01	-1.013942e+00	-6.047757e-02	6.990712e-01
1	1.53984	3.001418e-01	7.038958e+01	-1.030830e+00	-1.713114e-02	6.998077e-01
1	2.37903	2.980791e-01	7.056630e+01	-1.089118e+00	1.935293e-01	7.018707e-01
2	0.758115	2.995420e-01	7.004467e+01	-1.031934e+00	1.197559e-01	7.004070e-01
2	0.45722	3.007989e-01	6.982060e+01	-9.921731e-01	-7.827925e-04	6.991498e-01
7	0.611655	2.983214e-01	7.036632e+01	-1.050320e+00	1.131904e-01	7.016281e-01
1	1.03181	2.985132e-01	7.037309e+01	-1.055257e+00	1.355187e-01	7.014362e-01
7	1.19918	3.033461e-01	6.998485e+01	-9.833509e-01	-1.117855e-01	6.966028e-01
9	0.78474	2.978711e-01	7.014252e+01	-1.004407e+00	3.081909e-02	7.020780e-01
1	1.08515	2.998874e-01	7.004091e+01	-9.729037e-01	-1.033126e-01	7.000616e-01
1	0.452423	2.984272e-01	7.024896e+01	-1.015260e+00	2.138375e-02	7.015221e-01
3	0.543705	2.987180e-01	7.019242e+01	-1.004577e+00	-6.231833e-03	7.012312e-01
1	0.957995	2.945256e-01	7.057300e+01	-1.073458e+00	2.157453e-01	7.054241e-01
3	1.12824	3.035980e-01	7.009678e+01	-9.904646e-01	-1.476646e-01	6.963510e-01
2	1.08423	2.980041e-01	6.991699e+01	-9.915585e-01	1.635183e-02	7.019447e-01
5	0.73433	3.027278e-01	6.965759e+01	-9.404621e-01	-1.806304e-01	6.972207e-01
11	1.10661	3.038168e-01	6.945279e+01	-9.424725e-01	-1.227652e-01	6.961313e-01
1	0.50194	3.009389e-01	6.978028e+01	-9.720574e-01	-4.859834e-02	6.990097e-01
25	0.224289	3.014477e-01	6.977424e+01	-9.664904e-01	-8.764307e-02	6.985009e-01
5	0.50462	3.051040e-01	6.961053e+01	-9.472945e-01	-1.842366e-01	6.948444e-01
1	0.990005	3.043394e-01	6.957393e+01	-9.279268e-01	-2.261123e-01	6.956089e-01
3	0.437955	3.029766e-01	6.979820e+01	-9.604227e-01	-1.559009e-01	6.969720e-01
9	0.738135	3.005488e-01	6.992301e+01	-9.636207e-01	-1.208331e-01	6.994000e-01
1	0.34909	3.041676e-01	6.968571e+01	-9.639994e-01	-1.228558e-01	6.957808e-01
3	0.441415	2.976050e-01	7.032447e+01	-1.029356e+00	6.744760e-02	7.023444e-01
4	0.865255	3.010483e-01	7.026364e+01	-1.025016e+00	-1.393406e-02	6.989010e-01
4	1.51927	3.047570e-01	7.005459e+01	-9.988490e-01	-1.105593e-01	6.951921e-01
2	0.55022	3.041948e-01	6.991217e+01	-9.924632e-01	-9.117741e-02	6.957540e-01
4	0.90042	3.066045e-01	6.969529e+01	-9.661489e-01	-1.674478e-01	6.933439e-01
4	0.737555	3.037237e-01	6.979261e+01	-9.669334e-01	-1.521933e-01	6.962250e-01
1	1.29592	2.949142e-01	7.055418e+01	-1.051531e+00	1.225996e-01	7.050356e-01
13	1.37871	3.060018e-01	6.974310e+01	-9.504368e-01	-2.514003e-01	6.939467e-01
2	1.79584	3.018971e-01	6.959541e+01	-9.245496e-01	-2.119207e-01	6.980513e-01
4	1.3643	2.951264e-01	7.006716e+01	-9.967545e-01	7.318964e-02	7.048226e-01
4	1.11109	2.944306e-01	7.037651e+01	-1.027661e+00	9.538522e-02	7.055189e-01
2	0.383478	2.969846e-01	7.026989e+01	-1.024501e+00	6.633784e-02	7.029647e-01
1	0.0894655	2.992037e-01	7.002282e+01	-9.960944e-01	-8.248580e-03	7.007453e-01
3	0.492781	3.042632e-01	6.959701e+01	-9.453797e-01	-1.722841e-01	6.956851e-01
1	0.955065	3.041285e-01	6.991808e+01	-1.000182e+00	-4.899585e-02	6.958203e-01
13	0.299239	3.010228e-01	6.977730e+01	-9.858431e-01	-8.588047e-03	6.989258e-01
1	0.29454	3.013601e-01	6.973882e+01	-9.661287e-01	-7.941981e-02	6.985884e-01
5	1.98318	3.040672e-01	6.981912e+01	-9.336711e-01	-2.731558e-01	6.958815e-01
1	1.18391	3.006763e-01	7.023886e+01	-9.982999e-01	-9.864446e-02	6.992730e-01
2	0.887935	2.969564e-01	7.035236e+01	-1.021929e+00	4.857774e-02	7.029931e-01
2	1.0311	2.973399e-01	7.012868e+01	-9.917208e-01	-2.558905e-02	7.026092e-01
2	1.39907	3.081288e-01	6.956832e+01	-9.233280e-01	-3.311762e-01	6.918195e-01
3	1.09191	3.059744e-01	6.968265e+01	-9.445902e-01	-2.260163e-01	6.939740e-01
10	0.839255	3.035099e-01	7.004512e+01	-9.922102e-01	-1.246193e-01	6.964390e-01
12	0.387083	2.984711e-01	6.997125e+01	-1.014179e+00	8.700002e-02	7.014778e-01
1	0.88068	2.986447e-01	7.008182e+01	-1.040499e+00	1.501363e-01	7.013044e-01
6	0.415181	2.969759e-01	7.018480e+01	-1.039155e+00	1.524380e-01	7.029733e-01
16	0.161607	2.978156e-01	7.022415e+01	-1.031128e+00	9.345176e-02	7.021336e-01
4	0.79758	2.960426e-01	7.048876e+01	-1.047625e+00	1.103267e-01	7.039070e-01
3	0.615105	3.001443e-01	7.006442e+01	-9.959948e-01	-5.025736e-02	6.998047e-01
2	1.10541	3.034121e-01	6.981731e+01	-9.704406e-01	-1.448968e-01	6.965365e-01
6	1.4607	3.066429e-01	6.992101e+01	-9.817702e-01	-1.864425e-01	6.933059e-01
2	0.214607	3.029906e-01	6.989723e+01	-9.827709e-01	-9.265197e-02	6.969582e-01
3	0.293851	3.034410e-01	6.980371e+01	-9.688789e-01	-1.336990e-01	6.965076e-01
1	2.07152	2.959430e-01	6.986165e+01	-9.936071e-01	1.057550e-01	7.040058e-01
3	1.2125	3.016671e-01	6.956267e+01	-9.321031e-01	-1.559653e-01	6.982812e-01
2	1.63624	2.983721e-01	7.018689e+01	-1.021367e+00	3.452053e-02	7.015771e-01
1	1.30355	3.048698e-01	6.995635e+01	-9.818928e-01	-1.723847e-01	6.950791e-01
17	0.982845	3.043393e-01	6.996379e+01	-9.799996e-01	-1.464793e-01	6.956096e-01
2	2.88226	3.105855e-01	6.939852e+01	-9.271738e-01	-2.927538e-01	6.893625e-01
1	2.72086	3.116330e-01	6.950616e+01	-9.358744e-01	-3.324787e-01	6.883152e-01
8	1.38115	3.088621e-01	6.952539e+01	-9.402751e-01	-2.711074e-01	6.910861e-01
14	0.62868	3.051358e-01	6.981119e+01	-9.775105e-01	-1.289120e-01	6.948128e-01
4	0.422662	2.983512e-01	7.012095e+01	-1.027013e+00	8.875386e-02	7.015979e-01
3	0.79305	2.998639e-01	6.973049e+01	-9.706151e-01	-3.764269e-02	7.000847e-01
1	1.11941	2.982333e-01	6.977534e+01	-9.848037e-01	3.235910e-02	7.017152e-01
8	0.91958	2.959595e-01	7.038929e+01	-1.038967e+00	1.001064e-01	7.039900e-01
8	0.632555	2.959495e-01	7.045159e+01	-1.055342e+00	1.507794e-01	7.040001e-01
4	0.225525	2.996552e-01	7.019341e+01	-1.019716e+00	2.086864e-02	7.002940e-01
13	0.363582	3.023083e-01	6.977059e+01	-9.818112e-01	-3.935103e-02	6.976403e-01
2	0.76895	2.972819e-01	6.995992e+01	-9.909245e-01	4.018704e-02	7.026670e-01
6	0.80653	2.956034e-01	7.002292e+01	-1.014835e+00	1.338294e-01	7.043455e-01
5	0.831385	3.021306e-01	6.996630e+01	-1.021524e+00	4.567859e-02	6.978182e-01
6	0.626075	3.029593e-01	6.969701e+01	-9.843750e-01	-2.659858e-02	6.969891e-01
1	0.66304	3.046260e-01	6.952168e+01	-9.388781e-01	-1.816643e-01	6.953222e-01
6	1.43254	2.923450e-01	7.054612e+01	-1.083814e+00	3.027304e-01	7.076047e-01
2	2.39355	2.923539e-01	7.072759e+01	-1.096967e+00	3.133380e-01	7.075961e-01
1	1.60127	2.940546e-01	7.042929e+01	-1.082744e+00	2.919076e-01	7.058949e-01
3	1.66348	3.003620e-01	6.976131e+01	-1.010702e+00	1.059381e-01	6.995865e-01
2	1.75456	3.039865e-01	6.967964e+01	-9.967525e-01	-7.512059e-03	6.959620e-01
4	0.315535	3.015081e-01	6.982431e+01	-9.953036e-01	5.192027e-03	6.984406e-01
11	0.94897	3.029091e-01	6.980486e+01	-9.869537e-01	-3.387210e-02	6.970396e-01
14	0.70913	3.029336e-01	6.975692e+01	-9.707624e-01	-8.262125e-02	6.970149e-01
7	0.355239	3.028018e-01	6.980798e+01	-9.843194e-01	-6.578658e-02	6.971468e-01
8	0.641915	3.022707e-01	6.996724e+01	-1.003865e+00	-1.008374e-02	6.976782e-01
17	1.44544	3.011819e-01	6.993626e+01	-9.700876e-01	-9.828417e-02	6.987670e-01
10	0.308352	3.016795e-01	6.977324e+01	-9.657915e-01	-8.896106e-02	6.982691e-01
30	0.310304	2.961783e-01	7.015457e+01	-1.017790e+00	9.404659e-02	7.037709e-01
4	1.17145	3.005101e-01	6.973420e+01	-9.444854e-01	-1.330780e-01	6.994384e-01
3	1.52859	2.977253e-01	7.015893e+01	-1.015822e+00	7.905996e-02	7.022238e-01
6	1.11669	3.042853e-01	6.968559e+01	-9.757761e-01	-9.846362e-02	6.956632e-01
1	0.720105	3.012845e-01	7.022966e+01	-1.028316e+00	8.481998e-03	6.986647e-01
2	1.12374	3.011594e-01	7.032319e+01	-1.025640e+00	-2.617017e-02	6.987900e-01
2	0.72113	3.029842e-01	6.989068e+01	-9.733997e-01	-1.420163e-01	6.969646e-01
1	0.306107	2.985620e-01	6.993129e+01	-9.839613e-01	-1.142092e-02	7.013868e-01
1	1.44547	3.061224e-01	6.940601e+01	-9.297906e-01	-2.229398e-01	6.938257e-01
3	1.44381	2.993492e-01	7.028236e+01	-1.058356e+00	1.361273e-01	7.006001e-01
8	1.12386	3.071745e-01	6.959282e+01	-9.640947e-01	-1.598719e-01	6.927738e-01
1	0.71818	2.972906e-01	7.026137e+01	-1.054640e+00	1.792506e-01	7.026587e-01
11	1.15002	2.957884e-01	7.037393e+01	-1.069592e+00	2.243895e-01	7.041611e-01
7	0.721795	3.009191e-01	6.996143e+01	-1.006468e+00	2.753392e-03	6.990298e-01
7	1.03794	3.063887e-01	6.948435e+01	-9.361400e-01	-2.252794e-01	6.935595e-01
4	1.30144	3.030463e-01	6.955258e+01	-9.655031e-01	-6.944026e-02	6.969020e-01
2	0.377103	3.043376e-01	6.980865e+01	-9.781231e-01	-1.117645e-01	6.956111e-01
1	0.282873	2.963526e-01	7.020816e+01	-1.029356e+00	1.237106e-01	7.035966e-01
2	0.107897	2.990561e-01	7.016137e+01	-1.017392e+00	3.395391e-02	7.008931e-01
1	1.21938	2.971052e-01	7.051600e+01	-1.040199e+00	5.443369e-02	7.028445e-01
6	1.94175	2.962243e-01	7.010277e+01	-9.815580e-01	-1.050182e-02	7.037248e-01
6	1.58671	2.989693e-01	7.010686e+01	-9.709469e-01	-1.178620e-01	7.009798e-01
1	0.9886	3.001696e-01	7.036465e+01	-1.036256e+00	1.989689e-02	6.997799e-01
1	1.14298	3.067802e-01	6.977415e+01	-9.788672e-01	-1.546212e-01	6.931684e-01
5	0.524935	3.039101e-01	6.976287e+01	-9.854065e-01	-6.745589e-02	6.960385e-01
2	0.94489	3.011434e-01	6.985417e+01	-9.976245e-01	-4.335761e-03	6.988053e-01
3	1.1965	3.039859e-01	6.983891e+01	-9.965542e-01	-6.065906e-02	6.959628e-01
12	0.82287	3.047039e-01	6.996751e+01	-9.902001e-01	-1.239106e-01	6.952450e-01
1	1.34635	3.007624e-01	6.995047e+01	-9.892092e-01	-1.966017e-02	6.991864e-01
1	2.60753	2.925238e-01	7.048744e+01	-1.023046e+00	1.042197e-01	7.074258e-01
1	0.58985	2.949376e-01	7.041613e+01	-1.041732e+00	1.329252e-01	7.050120e-01
14	0.30964	2.981781e-01	7.019117e+01	-1.009153e+00	1.891699e-02	7.017711e-01
3	0.277753	3.006057e-01	6.977128e+01	-9.752571e-01	-3.966020e-02	6.993429e-01
8	1.26821	2.988477e-01	6.980786e+01	-9.766665e-01	6.391941e-03	7.011010e-01
5	1.52987	2.974148e-01	7.016445e+01	-9.947315e-01	6.302720e-04	7.025344e-01
9	1.29898	2.999402e-01	7.027831e+01	-1.034919e+00	6.551247e-02	7.000092e-01
2	1.70817	2.938566e-01	7.056969e+01	-1.064028e+00	2.097354e-01	7.060932e-01
3	2.01843	2.975586e-01	7.062486e+01	-1.065856e+00	9.894734e-02	7.023913e-01
14	1.71639	3.038196e-01	7.022713e+01	-1.020760e+00	-7.586019e-02	6.961297e-01
2	0.314655	2.997905e-01	6.990795e+01	-1.005486e+00	4.746274e-02	7.001583e-01
2	0.708135	3.033398e-01	6.967306e+01	-9.611348e-01	-1.279910e-01	6.966086e-01
4	0.70372	2.952789e-01	7.017072e+01	-1.035233e+00	1.764370e-01	7.046702e-01
10	0.7014	3.006717e-01	7.004779e+01	-9.958885e-01	-5.798751e-02	6.992773e-01
1	1.59272	3.034510e-01	6.988193e+01	-9.496865e-01	-2.144587e-01	6.964977e-01
1	1.39522	3.044931e-01	6.962110e+01	-9.311088e-01	-2.528879e-01	6.954553e-01
1	0.270452	3.007265e-01	6.998586e+01	-9.828764e-01	-7.969315e-02	6.992224e-01
15	0.770855	3.003321e-01	7.002201e+01	-9.756896e-01	-9.727338e-02	6.996169e-01
2	1.09232	2.947376e-01	7.061908e+01	-1.068051e+00	1.787256e-01	7.052122e-01
7	1.60803	2.971636e-01	7.046894e+01	-1.083079e+00	2.241844e-01	7.027860e-01
1	1.73415	3.035208e-01	7.016710e+01	-1.036846e+00	1.075330e-02	6.964283e-01
1	1.66051	2.988925e-01	7.054477e+01	-1.059563e+00	8.856437e-02	7.010573e-01
1	1.40945	3.017163e-01	7.028197e+01	-1.008425e+00	-9.548427e-02	6.982331e-01
6	0.703765	2.959157e-01	7.012067e+01	-1.021166e+00	1.315557e-01	7.040334e-01
7	0.7288	2.964189e-01	7.001500e+01	-1.015442e+00	1.143121e-01	7.035301e-01
11	0.64461	3.034350e-01	6.991301e+01	-9.816899e-01	-1.024148e-01	6.965138e-01
7	0.78799	3.006703e-01	6.998553e+01	-9.747366e-01	-9.354599e-02	6.992786e-01
1	0.66758	2.966117e-01	7.012517e+01	-1.001121e+00	4.254278e-02	7.033374e-01
6	0.651275	2.995420e-01	6.986440e+01	-9.812453e-01	-9.371886e-03	7.004068e-01
5	0.979485	3.002840e-01	6.970325e+01	-9.550038e-01	-7.736950e-02	6.996644e-01
10	0.581765	2.947599e-01	7.043844e+01	-1.050079e+00	1.609813e-01	7.051897e-01
2	1.60726	3.044500e-01	7.012046e+01	-9.896575e-01	-1.747762e-01	6.954991e-01
1	2.59908	3.025550e-01	7.011472e+01	-9.628259e-01	-2.222968e-01	6.973941e-01
8	3.83536	3.022435e-01	7.007547e+01	-9.438070e-01	-2.996556e-01	6.977055e-01
3	3.67463	3.035137e-01	7.014649e+01	-9.558656e-01	-3.027535e-01	6.964354e-01
2	2.25902	3.025929e-01	7.015289e+01	-9.708572e-01	-2.199124e-01	6.973563e-01
4	2.02507	3.036111e-01	6.936709e+01	-9.218889e-01	-1.909833e-01	6.963369e-01
3	1.59508	3.081544e-01	6.936074e+01	-9.133589e-01	-3.126719e-01	6.917936e-01
5	1.46976	3.090340e-01	6.957626e+01	-9.445808e-01	-2.690354e-01	6.909143e-01
5	0.754415	3.030492e-01	7.007370e+01	-9.952345e-01	-1.105121e-01	6.968998e-01
2	1.55523	3.051325e-01	6.965143e+01	-9.673192e-01	-1.422586e-01	6.948160e-01
5	0.960495	3.026928e-01	6.990514e+01	-9.874357e-01	-9.137882e-02	6.972560e-01
6	1.71757	2.971549e-01	6.973984e+01	-9.736672e-01	2.111509e-02	7.027936e-01
1	1.22414	3.046272e-01	6.952124e+01	-9.688992e-01	-6.669725e-02	6.953210e-01
7	1.4787	3.066996e-01	6.960129e+01	-9.752101e-01	-1.030201e-01	6.932488e-01
7	1.15586	3.047546e-01	6.971469e+01	-9.841928e-01	-5.814321e-02	6.951939e-01
7	0.84779	3.055224e-01	6.966493e+01	-9.738773e-01	-1.041698e-01	6.944260e-01
1	2.2128	2.968733e-01	6.997980e+01	-1.026488e+00	1.790954e-01	7.030755e-01
1	1.57648	2.960431e-01	7.000757e+01	-1.029792e+00	1.906320e-01	7.039059e-01
1	1.63143	3.044568e-01	6.955953e+01	-9.822421e-01	-2.784877e-02	6.954914e-01
2	1.66038	3.084383e-01	6.941523e+01	-9.455892e-01	-2.069870e-01	6.915098e-01
1	2.11754	3.058220e-01	6.968911e+01	-9.888952e-01	-8.407319e-02	6.941265e-01
2	1.74483	3.061393e-01	6.976887e+01	-9.858230e-01	-1.270612e-01	6.938093e-01
3	0.88867	3.044039e-01	6.987862e+01	-1.001038e+00	-4.451502e-02	6.955449e-01
2	1.19651	3.009338e-01	7.011585e+01	-1.044053e+00	1.126108e-01	6.990153e-01
1	2.06894	3.043732e-01	6.955024e+01	-9.863329e-01	-1.155367e-02	6.955751e-01
1	1.65696	2.993435e-01	7.025803e+01	-1.065410e+00	1.751725e-01	7.006058e-01
4	0.679945	2.992038e-01	7.029571e+01	-1.043165e+00	8.274343e-02	7.007455e-01
1	0.20222	3.006678e-01	6.989998e+01	-9.959451e-01	7.239178e-03	6.992810e-01
9	0.18775	2.988044e-01	7.005603e+01	-9.941725e-01	-1.513563e-02	7.011447e-01
9	0.180765	3.002250e-01	6.994885e+01	-9.838151e-01	-4.492340e-02	6.997239e-01
3	0.91252	3.032862e-01	6.965042e+01	-9.643842e-01	-8.173623e-02	6.966622e-01
6	0.92335	3.058508e-01	6.967468e+01	-9.628007e-01	-1.510125e-01	6.940977e-01
13	1.71444	3.079484e-01	6.933894e+01	-9.214610e-01	-2.456879e-01	6.919996e-01
4	0.625695	3.023963e-01	6.964656e+01	-9.441917e-01	-1.545165e-01	6.975521e-01
9	0.472139	3.019318e-01	6.971439e+01	-9.593323e-01	-9.915717e-02	6.980167e-01
2	0.638315	3.021394e-01	6.962580e+01	-9.625054e-01	-6.615338e-02	6.978090e-01
1	1.06482	3.027049e-01	7.008784e+01	-1.029750e+00	3.033826e-02	6.972441e-01
1	2.19969	3.070756e-01	6.990487e+01	-1.002277e+00	-1.204591e-01	6.928732e-01
1	1.94118	3.015598e-01	7.015891e+01	-1.054897e+00	1.218307e-01	6.983894e-01
1	1.70782	3.053736e-01	6.999854e+01	-1.016526e+00	-4.994740e-02	6.945754e-01
1	1.06248	3.050557e-01	6.983123e+01	-9.593196e-01	-1.977512e-01	6.948930e-01
7	0.541805	2.995842e-01	7.003182e+01	-9.801124e-01	-7.897336e-02	7.003648e-01
7	0.70996	3.057660e-01	6.971925e+01	-9.579824e-01	-2.003057e-01	6.941825e-01
3	1.13155	2.990634e-01	7.043888e+01	-1.050842e+00	8.498056e-02	7.008862e-01
3	1.41803	2.969012e-01	7.047089e+01	-1.042040e+00	6.671603e-02	7.030484e-01
9	0.792305	2.935766e-01	7.035391e+01	-1.040966e+00	1.787639e-01	7.063729e-01
8	0.75506	2.951545e-01	7.048930e+01	-1.049142e+00	1.338926e-01	7.047952e-01
2	0.66926	3.001538e-01	6.991935e+01	-1.006910e+00	5.737959e-02	6.997950e-01
6	0.89122	2.948006e-01	7.038979e+01	-1.041132e+00	1.528754e-01	7.051489e-01
2	0.713585	3.002738e-01	7.018708e+01	-1.037691e+00	8.638869e-02	6.996754e-01
5	3.88142	3.044578e-01	7.039283e+01	-1.059702e+00	1.054365e-02	6.954917e-01
1	3.30964	3.011703e-01	7.059821e+01	-1.048314e+00	-2.198765e-02	6.987795e-01
5	3.24333	3.030471e-01	7.028859e+01	-9.987152e-01	-1.412700e-01	6.969022e-01
11	2.74675	2.994098e-01	7.051335e+01	-1.044072e+00	4.340828e-02	7.005398e-01
1	2.50128	2.976359e-01	7.030739e+01	-1.005370e+00	-2.832095e-04	7.023134e-01
2	1.90979	3.002859e-01	6.970595e+01	-9.588920e-01	-5.280097e-02	6.996626e-01
2	1.38747	2.958590e-01	7.001903e+01	-9.927581e-01	6.043706e-02	7.040900e-01
5	0.694445	3.005351e-01	6.965984e+01	-9.670385e-01	-3.198143e-02	6.994133e-01
7	1.66576	3.047728e-01	6.953116e+01	-9.123148e-01	-2.791962e-01	6.951754e-01
9	1.02709	3.047736e-01	6.947209e+01	-9.240959e-01	-2.188040e-01	6.951746e-01
5	1.38288	3.072659e-01	6.930820e+01	-9.220751e-01	-2.344017e-01	6.926820e-01
8	0.939185	3.037349e-01	6.998636e+01	-9.774139e-01	-1.693048e-01	6.962140e-01
2	0.93604	3.034153e-01	6.997466e+01	-9.977173e-01	-8.565306e-02	6.965335e-01
10	0.36755	2.995300e-01	6.990639e+01	-9.784165e-01	-5.008006e-02	7.004188e-01
2	0.349602	3.004322e-01	7.018125e+01	-1.019989e+00	7.765045e-03	6.995170e-01
3	0.8373	2.976617e-01	7.022074e+01	-1.053444e+00	1.775131e-01	7.022876e-01
4	0.518645	3.005184e-01	6.986919e+01	-9.908807e-01	-1.795309e-02	6.994304e-01
7	1.02724	2.996732e-01	6.993283e+01	-9.618038e-01	-1.218920e-01	7.002756e-01
5	1.35594	3.017612e-01	7.023079e+01	-1.011476e+00	-5.097325e-02	6.981880e-01
1	1.60148	3.068523e-01	6.953574e+01	-9.705140e-01	-1.052926e-01	6.930960e-01
2	0.978665	3.032670e-01	6.974085e+01	-9.969037e-01	-4.579698e-03	6.966816e-01
1	2.16935	2.988521e-01	6.984113e+01	-1.027743e+00	1.707587e-01	7.010966e-01
2	1.94738	2.970312e-01	7.011693e+01	-1.042642e+00	1.622024e-01	7.029179e-01
1	1.33584	3.056543e-01	6.949655e+01	-9.543853e-01	-1.468855e-01	6.942939e-01
13	0.818565	3.001555e-01	7.007091e+01	-1.036557e+00	1.106517e-01	6.997935e-01
5	1.82793	2.947524e-01	7.024025e+01	-1.039543e+00	1.963637e-01	7.051969e-01
4	2.06074	2.949932e-01	7.023268e+01	-1.057320e+00	2.540532e-01	7.049560e-01
9	1.30713	3.030582e-01	7.001183e+01	-1.016312e+00	9.481748e-03	6.968908e-01
3	2.75123	3.003533e-01	7.039644e+01	-1.009905e+00	-7.464495e-02	6.995962e-01
1	1.94712	3.010364e-01	7.027863e+01	-9.935951e-01	-1.247739e-01	6.989129e-01
2	0.51195	2.975188e-01	7.025864e+01	-1.045806e+00	1.492509e-01	7.024305e-01
4	0.24279	2.990560e-01	7.013336e+01	-1.029465e+00	9.028943e-02	7.008932e-01
2	0.92342	2.953330e-01	7.044444e+01	-1.033923e+00	8.583001e-02	7.046165e-01
4	0.480201	2.960556e-01	7.037643e+01	-1.052960e+00	1.671251e-01	7.038939e-01
5	1.63409	3.051700e-01	6.971167e+01	-9.987116e-01	-2.717851e-02	6.947785e-01
3	0.711795	3.003216e-01	6.991442e+01	-1.017425e+00	7.971546e-02	6.996272e-01
4	0.243011	3.024729e-01	6.981602e+01	-9.894849e-01	-3.501244e-02	6.974757e-01
5	0.3771	2.985302e-01	7.004804e+01	-9.879030e-01	-3.002847e-02	7.014188e-01
8	0.491238	2.966935e-01	7.036324e+01	-1.032039e+00	7.643336e-02	7.032559e-01
1	0.831475	2.972049e-01	7.026985e+01	-1.024507e+00	5.447559e-02	7.027444e-01
2	0.77384	2.976991e-01	7.001110e+01	-1.020509e+00	1.068221e-01	7.022498e-01
3	0.344058	2.990785e-01	7.022326e+01	-1.036446e+00	9.059212e-02	7.008708e-01
14	0.45757	2.989176e-01	7.024767e+01	-1.027979e+00	6.181083e-02	7.010317e-01
2	0.933485	3.037282e-01	7.001724e+01	-1.014046e+00	-3.313775e-02	6.962208e-01
1	1.76605	2.939811e-01	7.006541e+01	-1.036854e+00	2.257261e-01	7.059679e-01
1	3.34773	2.954315e-01	7.002925e+01	-1.042738e+00	2.503216e-01	7.045175e-01
2	2.76151	2.915405e-01	7.085310e+01	-1.125862e+00	3.857679e-01	7.084096e-01
6	0.540605	2.972658e-01	6.998145e+01	-1.015076e+00	1.116064e-01	7.026831e-01
5	0.88723	3.033145e-01	6.977987e+01	-9.862747e-01	-3.902079e-02	6.966341e-01
1	0.93734	3.004662e-01	6.970097e+01	-9.826862e-01	2.099150e-02	6.994823e-01
3	1.79336	3.044126e-01	6.933891e+01	-9.043304e-01	-2.523625e-01	6.955353e-01
5	2.54548	3.077397e-01	6.916363e+01	-9.045359e-01	-2.782316e-01	6.922080e-01
2	1.28764	3.062937e-01	6.953527e+01	-9.433996e-01	-2.171082e-01	6.936546e-01
1	1.46775	2.985906e-01	6.981793e+01	-1.013443e+00	1.229828e-01	7.013581e-01
1	1.95337	2.998670e-01	6.998559e+01	-1.016874e+00	4.584966e-02	7.000819e-01
1	2.36654	2.950258e-01	7.005444e+01	-9.787417e-01	-9.431725e-03	7.049232e-01
1	1.85483	3.028978e-01	6.964245e+01	-9.399035e-01	-1.987763e-01	6.970506e-01
8	1.60171	2.917298e-01	7.039645e+01	-1.059642e+00	2.548548e-01	7.082197e-01
4	0.434803	2.987293e-01	7.004001e+01	-1.026112e+00	1.071277e-01	7.012197e-01
2	1.1682	2.965306e-01	7.004200e+01	-9.895488e-01	5.700745e-03	7.034184e-01
7	1.35339	2.964280e-01	6.984483e+01	-9.850178e-01	6.349719e-02	7.035207e-01
2	2.37093	3.024006e-01	6.928821e+01	-9.201860e-01	-1.356099e-01	6.975473e-01
2	2.6711	3.107409e-01	6.939955e+01	-9.204687e-01	-3.255078e-01	6.892071e-01
1	2.57721	3.096062e-01	6.952136e+01	-9.263508e-01	-3.162163e-01	6.903421e-01
1	2.52689	3.108677e-01	6.934867e+01	-9.330358e-01	-2.689773e-01	6.890803e-01
9	2.69217	3.113502e-01	6.910808e+01	-9.022395e-01	-3.248760e-01	6.885974e-01
1	1.2838	3.032451e-01	6.986587e+01	-1.011850e+00	8.674535e-03	6.967036e-01
11	0.326628	3.031673e-01	6.969739e+01	-9.675753e-01	-9.985925e-02	6.967812e-01
4	0.398811	3.006354e-01	7.000861e+01	-1.016960e+00	5.422597e-02	6.993136e-01
6	0.67017	3.054692e-01	6.973178e+01	-9.564725e-01	-2.033809e-01	6.944793e-01
6	0.974295	3.039160e-01	7.001239e+01	-9.772796e-01	-1.753768e-01	6.960330e-01
2	1.17145	3.067855e-01	6.950908e+01	-9.333752e-01	-2.544577e-01	6.931627e-01
6	1.44314	3.070772e-01	6.947829e+01	-9.244882e-01	-2.873452e-01	6.928709e-01
6	0.93649	3.068989e-01	6.958823e+01	-9.540409e-01	-1.846046e-01	6.930494e-01
8	1.11479	3.042349e-01	6.973360e+01	-9.927093e-01	-2.496994e-02	6.957136e-01
1	0.59311	3.011089e-01	6.985055e+01	-1.000903e+00	3.356677e-02	6.988398e-01
7	0.394838	3.009587e-01	6.991524e+01	-9.952437e-01	-1.104615e-03	6.989901e-01
9	0.514385	2.976829e-01	7.018043e+01	-1.001098e+00	5.448124e-04	7.022663e-01
6	1.1138	2.957038e-01	7.000873e+01	-1.008813e+00	1.015161e-01	7.042451e-01
3	0.730175	2.964631e-01	6.996009e+01	-9.928688e-01	5.601209e-02	7.034857e-01
1	0.916545	2.928896e-01	7.049809e+01	-1.063726e+00	2.307616e-01	7.070600e-01
3	2.36778	2.958032e-01	7.001621e+01	-1.047119e+00	2.484287e-01	7.041458e-01
1	0.783175	2.989062e-01	7.001719e+01	-9.997219e-01	3.113326e-02	7.010428e-01
3	1.73272	3.001081e-01	7.038360e+01	-1.047312e+00	7.566565e-02	6.998414e-01
2	1.58668	3.022556e-01	7.020222e+01	-1.042344e+00	6.043577e-02	6.976936e-01
3	1.27008	3.056714e-01	6.986456e+01	-9.980380e-01	-7.830326e-02	6.942773e-01
1	0.118286	3.013498e-01	6.989553e+01	-9.866102e-01	-4.091286e-02	6.985990e-01
9	0.32124	2.967492e-01	7.031187e+01	-1.043630e+00	1.343906e-01	7.032001e-01
5	0.257404	2.989454e-01	7.013886e+01	-1.002778e+00	-1.319547e-02	7.010037e-01
15	0.290282	2.993857e-01	7.002111e+01	-9.881580e-01	-4.343918e-02	7.005632e-01
3	1.27653	3.015927e-01	7.002169e+01	-9.661437e-01	-1.758748e-01	6.983562e-01
5	0.982365	3.025518e-01	6.972984e+01	-9.532596e-01	-1.614421e-01	6.973968e-01
15	0.70918	2.962432e-01	7.034360e+01	-1.038800e+00	1.080427e-01	7.037062e-01
3	0.779815	3.033489e-01	7.002025e+01	-9.837374e-01	-1.446422e-01	6.966000e-01
1	1.23522	3.000085e-01	7.017489e+01	-1.006962e+00	-4.482682e-02	6.999407e-01
5	0.187818	3.007128e-01	6.987130e+01	-9.974941e-01	1.407467e-02	6.992359e-01
2	0.335031	3.032209e-01	6.974466e+01	-9.787354e-01	-6.453982e-02	6.967276e-01
2	0.980415	3.041523e-01	6.943977e+01	-9.389008e-01	-1.447984e-01	6.957958e-01
1	0.72549	3.028988e-01	6.982204e+01	-9.549739e-01	-1.682305e-01	6.970499e-01
5	0.79936	3.012810e-01	6.968088e+01	-9.692998e-01	-3.593976e-02	6.986674e-01
2	1.44567	3.063222e-01	6.948101e+01	-9.635017e-01	-1.092102e-01	6.936260e-01
2	0.191404	3.016004e-01	6.982805e+01	-9.692702e-01	-9.835094e-02	6.983482e-01
1	0.56082	3.032721e-01	6.960677e+01	-9.589663e-01	-9.690172e-02	6.966763e-01
7	0.168483	3.000136e-01	6.998125e+01	-9.889618e-01	-3.028502e-02	6.999353e-01
2	0.546935	3.004327e-01	6.993119e+01	-9.768369e-01	-6.443716e-02	6.995161e-01
1	0.840315	3.016518e-01	6.987960e+01	-9.562480e-01	-1.675814e-01	6.982969e-01
6	0.120031	3.001152e-01	6.994038e+01	-9.923565e-01	-1.913555e-02	6.998336e-01
6	0.88899	3.013160e-01	6.980196e+01	-9.723019e-01	-8.758211e-02	6.986326e-01
7	0.451121	2.976784e-01	6.991339e+01	-9.963606e-01	5.536949e-02	7.022704e-01
20	1.02968	2.985788e-01	6.994659e+01	-1.026411e+00	1.373700e-01	7.013701e-01
2	1.28724	3.011416e-01	7.010455e+01	-1.027661e+00	6.555771e-02	6.988075e-01
8	0.208989	2.998983e-01	6.997712e+01	-1.010299e+00	4.235753e-02	7.000506e-01
3	0.61018	3.049595e-01	6.963634e+01	-9.678424e-01	-1.096696e-01	6.949889e-01
10	0.238758	3.033422e-01	6.975974e+01	-9.740412e-01	-9.023215e-02	6.966063e-01
10	1.29992	3.024175e-01	6.985339e+01	-1.000023e+00	1.241641e-02	6.975312e-01
4	1.33583	2.950665e-01	7.056690e+01	-1.052542e+00	1.198369e-01	7.048833e-01
10	1.2334	2.947100e-01	7.057000e+01	-1.049934e+00	1.205902e-01	7.052397e-01
25	1.13071	3.009530e-01	7.007516e+01	-9.862030e-01	-7.881465e-02	6.989960e-01
6	0.865415	3.039872e-01	6.991505e+01	-9.804588e-01	-1.182232e-01	6.959616e-01
23	0.471702	2.980746e-01	7.025290e+01	-1.029080e+00	8.253379e-02	7.018747e-01
3	0.348701	3.032234e-01	6.990903e+01	-9.751840e-01	-1.319550e-01	6.967254e-01
4	0.2946	2.982285e-01	7.004413e+01	-1.022054e+00	1.028759e-01	7.017205e-01
2	0.79447	3.018378e-01	6.984518e+01	-1.009691e+00	4.353890e-02	6.981109e-01
13	0.291482	2.967777e-01	7.012479e+01	-1.007947e+00	5.566902e-02	7.031714e-01
1	0.681565	2.964793e-01	7.001568e+01	-1.017206e+00	1.209775e-01	7.034697e-01
1	0.55509	3.028327e-01	6.961500e+01	-9.538211e-01	-1.213285e-01	6.971157e-01
9	0.884925	2.989562e-01	6.972456e+01	-9.637870e-01	-3.355413e-02	7.009923e-01
3	2.11908	2.900812e-01	7.057592e+01	-1.062035e+00	2.645506e-01	7.098686e-01
4	2.23431	2.954056e-01	7.011406e+01	-1.010958e+00	1.182571e-01	7.045435e-01
12	0.372732	3.018886e-01	6.968758e+01	-9.637211e-01	-7.761492e-02	6.980599e-01
11	0.473378	3.022668e-01	6.966317e+01	-9.601798e-01	-1.007709e-01	6.976817e-01
5	0.75	3.008389e-01	6.969224e+01	-9.508510e-01	-1.057023e-01	6.991096e-01
1	0.97588	2.992162e-01	6.985616e+01	-9.618509e-01	-9.242954e-02	7.007325e-01
4	2.57386	3.001988e-01	6.953542e+01	-9.166400e-01	-1.835097e-01	6.997494e-01
2	2.31915	3.045683e-01	6.957522e+01	-9.045777e-01	-3.354944e-01	6.953801e-01
3	1.92257	3.056773e-01	6.964742e+01	-9.321407e-01	-2.887850e-01	6.942711e-01
1	0.616445	3.033781e-01	6.997368e+01	-9.836028e-01	-1.321660e-01	6.965708e-01
3	0.77145	3.019601e-01	7.004532e+01	-9.803337e-01	-1.359910e-01	6.979889e-01
4	1.08375	3.070862e-01	6.972965e+01	-9.658370e-01	-1.905691e-01	6.928623e-01
4	1.90076	3.050571e-01	7.012420e+01	-1.013034e+00	-1.054069e-01	6.948920e-01
1	1.22283	3.020091e-01	7.002574e+01	-1.008548e+00	-3.557337e-02	6.979399e-01
1	0.896425	3.009154e-01	6.978396e+01	-9.928256e-01	5.795315e-03	6.990332e-01
16	1.21417	2.967802e-01	7.013550e+01	-9.858040e-01	-3.186193e-02	7.031690e-01
10	0.478521	2.971931e-01	6.994934e+01	-9.975066e-01	5.742979e-02	7.027557e-01
2	0.88504	2.979352e-01	7.013767e+01	-1.039430e+00	1.356743e-01	7.020139e-01
4	1.03497	2.995296e-01	6.980986e+01	-1.006259e+00	9.113585e-02	7.004191e-01
1	0.899235	2.999465e-01	6.965171e+01	-9.574160e-01	-5.501608e-02	7.000019e-01
5	2.0637	2.949998e-01	6.999208e+01	-1.008917e+00	1.448187e-01	7.049491e-01
4	1.32264	2.991692e-01	6.964118e+01	-9.568654e-01	-4.687101e-02	7.007792e-01
13	0.988975	2.945039e-01	7.017544e+01	-1.018891e+00	1.167402e-01	7.054453e-01
8	1.17449	2.934878e-01	7.021302e+01	-1.029250e+00	1.787972e-01	7.064614e-01
4	1.212	2.953533e-01	7.033481e+01	-1.064476e+00	2.398704e-01	7.045961e-01
3	1.35008	2.991601e-01	7.009605e+01	-1.048779e+00	1.651114e-01	7.007890e-01
1	1.84333	3.036081e-01	6.942500e+01	-9.286674e-01	-1.844582e-01	6.963400e-01
6	1.75253	3.036602e-01	6.942264e+01	-9.092593e-01	-2.477767e-01	6.962879e-01
2	2.11037	3.089239e-01	6.923462e+01	-9.092241e-01	-3.058843e-01	6.910239e-01
1	3.67424	3.055987e-01	6.932950e+01	-9.238645e-01	-2.275455e-01	6.943492e-01
4	1.23961	3.079319e-01	6.938751e+01	-9.197397e-01	-2.853060e-01	6.920161e-01
8	0.89973	3.035913e-01	6.958623e+01	-9.334280e-01	-1.926633e-01	6.963570e-01
2	0.83897	3.041795e-01	6.954270e+01	-9.498314e-01	-1.451579e-01	6.957688e-01
11	0.86785	3.048818e-01	6.963920e+01	-9.572140e-01	-1.650234e-01	6.950666e-01
2	0.80767	3.019553e-01	6.980473e+01	-9.799663e-01	-7.212641e-02	6.979934e-01
2	1.39889	3.069702e-01	6.930262e+01	-9.155945e-01	-2.529011e-01	6.929777e-01
3	1.31805	3.053473e-01	6.963847e+01	-9.255125e-01	-2.916910e-01	6.946011e-01
3	0.835265	3.009661e-01	6.988184e+01	-9.565436e-01	-1.498528e-01	6.989826e-01
4	2.06639	2.981624e-01	6.980617e+01	-9.439159e-01	-1.140482e-01	7.017863e-01
5	0.257344	3.023792e-01	6.985302e+01	-9.681736e-01	-1.221258e-01	6.975695e-01
10	0.08689	3.008832e-01	6.993495e+01	-1.001008e+00	5.517172e-03	6.990656e-01
17	0.464079	3.022475e-01	6.992653e+01	-1.009266e+00	1.117292e-02	6.977013e-01
11	0.21217	3.004220e-01	6.991602e+01	-1.001037e+00	2.530175e-02	6.995268e-01
1	1.401	3.061688e-01	6.967798e+01	-9.545354e-01	-2.199992e-01	6.937797e-01
4	1.23302	3.060954e-01	6.954852e+01	-9.515888e-01	-1.846835e-01	6.938528e-01
1	0.61636	3.022650e-01	6.974479e+01	-9.917912e-01	-2.939048e-03	6.976835e-01
2	1.56086	3.010108e-01	6.983859e+01	-1.019735e+00	1.063149e-01	6.989379e-01
9	1.28232	3.022877e-01	6.976012e+01	-1.006205e+00	5.184588e-02	6.976609e-01
3	1.71744	2.975922e-01	7.031699e+01	-1.011362e+00	-1.981094e-02	7.023572e-01
1	0.84098	2.947742e-01	7.040054e+01	-1.054111e+00	1.778270e-01	7.051753e-01
3	1.48651	2.965298e-01	7.052093e+01	-1.035451e+00	4.261038e-02	7.034198e-01
1	1.25898	2.954392e-01	7.044497e+01	-1.060726e+00	1.721915e-01	7.045104e-01
2	1.06106	2.979965e-01	7.015740e+01	-1.007031e+00	3.288245e-03	7.019526e-01
15	0.197484	3.006779e-01	6.984222e+01	-9.785775e-01	-4.187971e-02	6.992708e-01
13	0.169314	3.005735e-01	6.990499e+01	-9.782869e-01	-6.137454e-02	6.993753e-01
2	0.392383	2.991374e-01	7.008437e+01	-9.898418e-01	-4.728201e-02	7.008117e-01
2	0.764955	3.043408e-01	6.981721e+01	-9.901125e-01	-7.977183e-02	6.956079e-01
6	1.56662	3.021172e-01	6.959519e+01	-9.742342e-01	-3.385598e-02	6.978311e-01
4	2.30735	2.993087e-01	7.027915e+01	-1.074493e+00	2.005300e-01	7.006406e-01
11	1.64203	3.033029e-01	6.981344e+01	-1.015255e+00	3.990943e-02	6.966457e-01
4	1.04096	2.988486e-01	7.023218e+01	-1.049406e+00	1.487346e-01	7.011007e-01
7	0.87096	2.934693e-01	7.030825e+01	-1.041885e+00	1.870798e-01	7.064800e-01
3	1.14684	2.970615e-01	7.028565e+01	-1.033380e+00	8.203051e-02	7.028878e-01
3	1.09737	2.946908e-01	7.015753e+01	-1.006777e+00	9.051491e-02	7.052584e-01
11	1.02093	2.935653e-01	7.035429e+01	-1.040144e+00	1.805834e-01	7.063841e-01
2	0.119483	2.984849e-01	7.010773e+01	-1.004422e+00	1.697844e-02	7.014641e-01
7	2.77941	2.953299e-01	7.033844e+01	-1.017012e+00	3.370119e-02	7.046195e-01
5	0.167795	2.997320e-01	6.995426e+01	-9.860421e-01	-3.773027e-02	7.002168e-01
2	0.61347	3.047077e-01	6.964189e+01	-9.486512e-01	-1.899161e-01	6.952407e-01
1	1.08396	3.012725e-01	7.001649e+01	-9.848893e-01	-7.066266e-02	6.986765e-01
1	1.12532	2.977345e-01	7.035872e+01	-1.025918e+00	5.042453e-02	7.022150e-01
3	1.82388	2.931080e-01	7.050347e+01	-1.043174e+00	1.652563e-01	7.068417e-01
2	1.25236	2.951584e-01	7.046686e+01	-1.045103e+00	1.419771e-01	7.047912e-01
15	0.184793	2.986610e-01	6.993209e+01	-9.961409e-01	3.112900e-02	7.012879e-01
8	0.239215	2.972742e-01	7.022014e+01	-1.016485e+00	5.207700e-02	7.026751e-01
43	0.236298	2.999008e-01	6.982188e+01	-9.812305e-01	-1.531472e-02	7.000479e-01
4	0.185402	2.987394e-01	7.007407e+01	-1.005866e+00	1.832655e-02	7.012097e-01
8	1.28808	3.016490e-01	7.028005e+01	-1.034191e+00	2.880106e-04	6.983003e-01
1	0.75642	3.009970e-01	6.998060e+01	-1.025013e+00	8.035365e-02	6.989519e-01
4	0.542505	3.009493e-01	7.008805e+01	-1.028719e+00	6.285321e-02	6.989998e-01
3	0.66244	3.010328e-01	6.983674e+01	-1.000109e+00	1.809125e-02	6.989159e-01
4	2.49208	2.955568e-01	6.975953e+01	-9.958807e-01	1.382025e-01	7.043917e-01
5	2.61738	2.892372e-01	7.040734e+01	-1.040071e+00	2.369127e-01	7.107123e-01
1	5.0512	2.881667e-01	7.041738e+01	-1.083228e+00	4.128269e-01	7.117828e-01
1	4.4588	2.912892e-01	6.995501e+01	-1.032744e+00	2.873532e-01	7.086597e-01
2	3.11315	2.964544e-01	6.960327e+01	-9.656929e-01	4.043108e-02	7.034940e-01
1	2.35282	2.948773e-01	6.980119e+01	-9.792267e-01	6.916202e-02	7.050713e-01
1	2.23813	2.978230e-01	6.979376e+01	-9.661767e-01	-4.288158e-02	7.021256e-01
8	2.73311	3.006838e-01	6.981329e+01	-9.635191e-01	-1.239868e-01	6.992648e-01
2	3.08933	2.954831e-01	6.983289e+01	-1.015200e+00	1.702994e-01	7.044656e-01
1	2.50303	2.992647e-01	6.971579e+01	-9.904928e-01	3.893964e-02	7.006838e-01
6	2.47904	3.071575e-01	6.951492e+01	-9.433064e-01	-2.399356e-01	6.927907e-01
6	2.45655	2.978771e-01	6.969560e+01	-1.002307e+00	1.373994e-01	7.020714e-01
1	2.19077	2.937364e-01	7.070395e+01	-1.102635e+00	3.095578e-01	7.062135e-01
1	1.74221	2.939095e-01	7.066375e+01	-1.078898e+00	2.340019e-01	7.060404e-01
35	0.94376	2.944216e-01	7.053292e+01	-1.054063e+00	1.626750e-01	7.055281e-01
1	0.323693	3.012397e-01	6.999201e+01	-1.003407e+00	-8.124966e-04	6.987092e-01
4	0.792825	3.038598e-01	6.969215e+01	-9.591610e-01	-1.534986e-01	6.960887e-01
1	1.03381	3.041709e-01	6.947906e+01	-9.358874e-01	-1.780101e-01	6.957772e-01
4	0.399747	2.953258e-01	7.028006e+01	-1.031189e+00	1.284131e-01	7.046235e-01
1	2.06731	2.915038e-01	7.043595e+01	-1.067052e+00	2.704802e-01	7.084457e-01
4	2.04167	2.931039e-01	7.009065e+01	-1.018533e+00	1.598131e-01	7.068452e-01
2	1.18722	3.006604e-01	6.982304e+01	-9.772045e-01	-6.516546e-02	6.992883e-01
4	1.33523	2.955669e-01	6.998927e+01	-9.828216e-01	2.217657e-02	7.043820e-01
4	0.768545	2.988262e-01	7.003753e+01	-9.812579e-01	-4.893552e-02	7.011228e-01
7	0.195619	3.010284e-01	6.986357e+01	-9.829297e-01	-3.725223e-02	6.989203e-01
1	0.78069	2.947940e-01	7.047021e+01	-1.067840e+00	2.161698e-01	7.051556e-01
2	0.731365	2.995963e-01	7.027545e+01	-1.047402e+00	1.014567e-01	7.003530e-01
9	1.12987	3.008258e-01	6.968181e+01	-9.461190e-01	-1.339747e-01	6.991226e-01
3	1.03828	2.995201e-01	6.966623e+01	-9.572586e-01	-4.891611e-02	7.004283e-01
1	1.34257	3.029547e-01	6.947513e+01	-9.249758e-01	-1.913538e-01	6.969935e-01
6	0.373341	2.999176e-01	6.985272e+01	-9.876621e-01	6.620529e-03	7.000311e-01
5	0.93541	2.956322e-01	7.016309e+01	-1.039084e+00	1.891753e-01	7.043170e-01
1	0.652915	2.956270e-01	7.020251e+01	-1.044070e+00	1.884717e-01	7.043222e-01
8	0.381368	3.022140e-01	6.980285e+01	-9.600883e-01	-1.322273e-01	6.977346e-01
4	0.829205	3.016500e-01	6.957792e+01	-9.530353e-01	-8.001741e-02	6.982983e-01
1	1.08886	3.058862e-01	6.965206e+01	-9.347361e-01	-2.556644e-01	6.940622e-01
4	0.814685	3.051970e-01	6.950513e+01	-9.525042e-01	-1.361755e-01	6.947512e-01
4	1.89217	3.096428e-01	6.952173e+01	-9.518401e-01	-2.416458e-01	6.903054e-01
2	2.29337	3.078442e-01	6.992163e+01	-9.893497e-01	-1.787892e-01	6.921047e-01
3	1.86475	3.076315e-01	6.958234e+01	-9.739615e-01	-1.361831e-01	6.923168e-01
5	1.02723	3.020185e-01	7.006933e+01	-1.029654e+00	4.156339e-02	6.979305e-01
12	1.08632	3.026412e-01	7.002472e+01	-1.026481e+00	3.249743e-02	6.973078e-01
13	0.712755	3.020115e-01	7.013079e+01	-1.024808e+00	1.639182e-02	6.979377e-01
1	0.82227	2.939167e-01	7.021542e+01	-1.024501e+00	1.470370e-01	7.060326e-01
26	0.142235	3.003483e-01	6.993260e+01	-9.830865e-01	-5.432195e-02	6.996005e-01
1	0.0321131	2.990875e-01	7.004139e+01	-1.001845e+00	1.174550e-02	7.008615e-01
1	0.400756	2.996523e-01	6.991476e+01	-1.001891e+00	2.993615e-02	7.002965e-01
4	0.60695	3.008457e-01	6.971398e+01	-9.671426e-01	-4.738761e-02	6.991028e-01
1	0.575905	3.018724e-01	6.961500e+01	-9.573492e-01	-8.321603e-02	6.980759e-01
1	0.3462	3.033185e-01	6.991911e+01	-9.932690e-01	-7.237274e-02	6.966303e-01
2	0.63408	3.023171e-01	6.963450e+01	-9.628320e-01	-6.975400e-02	6.976313e-01
2	0.958325	3.062358e-01	6.944688e+01	-9.271148e-01	-2.303614e-01	6.937123e-01
3	0.817155	2.989628e-01	6.991463e+01	-9.658466e-01	-8.296425e-02	7.009860e-01
1	0.758485	3.029313e-01	7.003304e+01	-9.968412e-01	-9.406777e-02	6.970177e-01
2	0.765715	2.989809e-01	6.981001e+01	-9.768251e-01	-1.810550e-03	7.009678e-01
16	1.71618	2.985863e-01	7.027594e+01	-9.904356e-01	-8.936422e-02	7.013630e-01
2	1.74632	2.963872e-01	7.062194e+01	-1.047953e+00	7.051071e-02	7.035627e-01
6	1.25568	2.995236e-01	7.018289e+01	-9.857114e-01	-1.042355e-01	7.004256e-01
9	2.6598	2.994107e-01	7.045248e+01	-1.006925e+00	-1.025370e-01	7.005389e-01
1	2.1201	3.077452e-01	6.973077e+01	-9.279424e-01	-3.657139e-01	6.922033e-01
4	2.4082	3.081538e-01	6.968433e+01	-9.395464e-01	-2.869060e-01	6.917946e-01
1	2.49405	3.118324e-01	6.917021e+01	-8.828259e-01	-4.399129e-01	6.881153e-01
15	1.92049	3.052556e-01	6.941051e+01	-9.000665e-01	-2.999742e-01	6.946924e-01
3	3.28659	3.124342e-01	6.898394e+01	-8.868820e-01	-3.681292e-01	6.875132e-01
1	3.66856	3.116724e-01	6.927054e+01	-9.418239e-01	-2.485060e-01	6.882754e-01
2	3.14989	3.105819e-01	6.941034e+01	-9.541138e-01	-2.256470e-01	6.893661e-01
1	3.40219	3.083260e-01	6.982145e+01	-1.004728e+00	-1.169124e-01	6.916226e-01
2	2.91146	3.084929e-01	6.981075e+01	-1.001023e+00	-1.127382e-01	6.914558e-01
2	2.69198	3.101224e-01	6.974551e+01	-9.590198e-01	-3.055209e-01	6.898262e-01
1	3.19026	3.100974e-01	6.970756e+01	-9.381750e-01	-3.493660e-01	6.898511e-01
6	2.7104	3.112492e-01	6.946178e+01	-9.020216e-01	-4.450312e-01	6.886989e-01
1	3.4051	3.120706e-01	6.942955e+01	-9.295633e-01	-3.300509e-01	6.878774e-01
2	2.27298	3.111295e-01	6.933266e+01	-9.190125e-01	-3.264780e-01	6.888184e-01
1	2.64695	3.114066e-01	6.940912e+01	-9.348001e-01	-2.953768e-01	6.885414e-01
3	1.035	3.036883e-01	6.953248e+01	-9.341319e-01	-1.920852e-01	6.962599e-01
4	0.361225	3.029718e-01	6.967781e+01	-9.677390e-01	-8.863501e-02	6.969766e-01
12	0.495296	3.002871e-01	7.003794e+01	-1.025727e+00	8.197016e-02	6.996618e-01
1	1.03382	3.014343e-01	7.005744e+01	-1.025038e+00	6.026933e-02	6.985147e-01
4	1.00138	2.968795e-01	7.042141e+01	-1.052602e+00	1.228175e-01	7.030700e-01
1	1.49145	2.932777e-01	7.052977e+01	-1.058083e+00	1.816109e-01	7.066720e-01
2	1.51135	3.005273e-01	6.998996e+01	-1.000448e+00	-2.906463e-02	6.994216e-01
4	1.45867	2.951893e-01	7.047440e+01	-1.072760e+00	2.391579e-01	7.047604e-01
3	1.1501	2.950225e-01	7.026132e+01	-1.053133e+00	2.254670e-01	7.049268e-01
1	1.0569	2.979873e-01	6.975454e+01	-9.738502e-01	1.570619e-02	7.019613e-01
4	1.245	3.008707e-01	6.999350e+01	-9.637144e-01	-1.614147e-01	6.990782e-01
2	2.82454	2.966604e-01	6.983141e+01	-9.449368e-01	-8.653969e-02	7.032882e-01
9	2.16847	2.994018e-01	7.001132e+01	-9.527682e-01	-1.698359e-01	7.005471e-01
1	2.41535	3.036157e-01	6.987854e+01	-9.317003e-01	-3.020816e-01	6.963331e-01
1	2.42747	3.120888e-01	6.932140e+01	-9.069223e-01	-3.998961e-01	6.878591e-01
7	1.83691	3.073335e-01	6.977844e+01	-9.489537e-01	-2.704101e-01	6.926151e-01
2	2.5379	3.052103e-01	6.991226e+01	-9.536254e-01	-2.405884e-01	6.947385e-01
4	1.53178	2.991851e-01	7.035745e+01	-1.064478e+00	1.607253e-01	7.007644e-01
1	1.74039	2.976540e-01	7.029157e+01	-1.037090e+00	1.215613e-01	7.022953e-01
6	2.88955	3.006555e-01	7.006508e+01	-1.036915e+00	1.299521e-01	6.992935e-01
3	3.94112	2.998939e-01	6.995295e+01	-1.002816e+00	6.131274e-02	7.000550e-01
4	2.52982	3.009352e-01	7.010372e+01	-9.791414e-01	-1.054122e-01	6.990139e-01
2	1.01903	3.036510e-01	6.983913e+01	-9.596796e-01	-1.655338e-01	6.962977e-01
3	0.67428	2.991694e-01	7.017251e+01	-1.030749e+00	9.250883e-02	7.007798e-01
1	1.59072	3.033449e-01	6.984351e+01	-9.578966e-01	-1.611251e-01	6.966038e-01
1	1.45987	2.976372e-01	7.040238e+01	-1.016101e+00	-3.337312e-03	7.023123e-01
2	3.16389	2.915520e-01	7.078699e+01	-1.056120e+00	1.593817e-01	7.083980e-01
1	3.04115	2.922876e-01	7.042117e+01	-1.010294e+00	7.874366e-02	7.076619e-01
4	2.51422	3.005021e-01	7.029410e+01	-9.863348e-01	-1.616982e-01	6.994472e-01
1	2.84001	2.951778e-01	7.075965e+01	-1.052550e+00	7.236682e-02	7.047722e-01
3	1.94097	2.960099e-01	7.053814e+01	-1.039502e+00	8.530209e-02	7.039398e-01
8	2.25678	2.971179e-01	7.024301e+01	-1.035557e+00	1.433327e-01	7.028314e-01
2	4.67638	2.952648e-01	7.034102e+01	-1.009720e+00	6.445521e-02	7.046846e-01
1	0.98705	2.979057e-01	7.022698e+01	-1.022429e+00	7.561640e-02	7.020435e-01
2	0.170917	3.007704e-01	7.003048e+01	-9.990669e-01	-2.184155e-02	6.991786e-01
2	0.780905	2.999224e-01	7.005984e+01	-9.938205e-01	-2.446148e-02	7.000267e-01
1	0.256502	3.002645e-01	7.013978e+01	-1.011534e+00	1.680030e-03	6.996846e-01
1	0.71551	3.030008e-01	6.983525e+01	-9.853868e-01	-5.271566e-02	6.969479e-01
3	1.81078	3.035105e-01	6.977971e+01	-9.539233e-01	-1.570734e-01	6.964381e-01
5	0.74823	3.015597e-01	7.008548e+01	-1.005814e+00	-2.241387e-02	6.983894e-01
2	0.288857	2.995253e-01	6.991875e+01	-9.955888e-01	2.434654e-02	7.004236e-01
8	0.323221	2.999519e-01	6.992435e+01	-9.894634e-01	-2.580243e-02	6.999969e-01
5	1.1673	2.985715e-01	6.982922e+01	-1.010320e+00	1.104158e-01	7.013772e-01
1	0.730205	2.963072e-01	6.999929e+01	-1.012127e+00	1.202873e-01	7.036417e-01
1	0.82115	2.959910e-01	7.009383e+01	-1.025599e+00	1.529303e-01	7.039580e-01
1	1.17341	2.926187e-01	7.047676e+01	-1.051267e+00	2.038337e-01	7.073309e-01
2	0.974415	2.989788e-01	6.983161e+01	-9.597083e-01	-8.533707e-02	7.009698e-01
5	1.48016	2.955399e-01	6.992866e+01	-9.829954e-01	4.897174e-02	7.044089e-01
11	1.20768	2.934475e-01	7.034688e+01	-1.041847e+00	1.930087e-01	7.065019e-01
12	1.02417	2.977731e-01	7.005458e+01	-9.845968e-01	-3.995068e-02	7.021759e-01
1	1.29619	2.968428e-01	6.983345e+01	-9.980238e-01	1.043894e-01	7.031059e-01
6	1.09195	2.969352e-01	6.983148e+01	-9.778439e-01	2.646538e-02	7.030134e-01
1	1.27724	2.967969e-01	7.000119e+01	-9.795486e-01	-3.799848e-03	7.031520e-01
1	1.71456	2.965272e-01	7.020225e+01	-9.861766e-01	-3.536403e-02	7.034220e-01
6	1.08683	2.980044e-01	6.995084e+01	-9.677149e-01	-6.446563e-02	7.019445e-01
6	1.75029	2.976985e-01	6.967587e+01	-9.566547e-01	-2.074904e-02	7.022500e-01
1	1.19989	2.973293e-01	7.006330e+01	-9.768436e-01	-5.077065e-02	7.026197e-01
3	0.71046	2.999703e-01	6.984448e+01	-9.762918e-01	-2.960763e-02	6.999784e-01
3	0.83135	2.998964e-01	6.966361e+01	-9.674346e-01	-2.016184e-02	7.000521e-01
3	0.365125	3.016019e-01	6.992988e+01	-1.003834e+00	-4.707242e-03	6.983469e-01
7	0.307961	3.008054e-01	6.982589e+01	-9.671564e-01	-8.470294e-02	6.991433e-01
9	0.89874	3.049660e-01	6.967519e+01	-9.595851e-01	-1.423513e-01	6.949824e-01
6	0.352548	3.019550e-01	6.976992e+01	-9.818389e-01	-3.230957e-02	6.979936e-01
4	0.257111	3.003520e-01	7.002807e+01	-1.013520e+00	2.834743e-02	6.995970e-01
3	0.245694	3.019653e-01	6.978143e+01	-9.801848e-01	-4.357628e-02	6.979833e-01
2	0.952675	3.000188e-01	6.971743e+01	-9.838173e-01	2.905484e-02	6.999297e-01
12	0.62061	3.042917e-01	6.954300e+01	-9.398901e-01	-1.768226e-01	6.956565e-01
1	0.532515	3.002785e-01	7.011230e+01	-1.027360e+00	5.505624e-02	6.996706e-01
1	1.38776	3.059936e-01	6.991558e+01	-9.989859e-01	-1.010646e-01	6.939552e-01
1	1.16597	2.979488e-01	7.008858e+01	-1.045849e+00	1.837580e-01	7.020002e-01
4	1.30898	2.985333e-01	7.009632e+01	-1.042627e+00	1.465288e-01	7.014158e-01
2	1.31779	3.077465e-01	6.932994e+01	-9.150692e-01	-2.786188e-01	6.922015e-01
3	1.14529	3.050599e-01	6.969020e+01	-9.673549e-01	-1.169409e-01	6.948885e-01
1	1.99673	3.049956e-01	6.964814e+01	-9.865722e-01	-2.964142e-02	6.949528e-01
3	0.747395	3.024804e-01	6.968318e+01	-9.857407e-01	-9.190250e-03	6.974680e-01
4	0.53256	2.990794e-01	7.006539e+01	-1.025843e+00	1.032518e-01	7.008696e-01
1	0.485293	3.022706e-01	6.963301e+01	-9.631739e-01	-7.636967e-02	6.976778e-01
3	0.675375	3.024563e-01	6.962532e+01	-9.464433e-01	-1.326546e-01	6.974921e-01
16	0.783795	2.975047e-01	6.986099e+01	-9.970420e-01	7.273003e-02	7.024440e-01
4	1.90995	3.039665e-01	6.969546e+01	-9.758577e-01	-1.030738e-01	6.959820e-01
2	1.27662	3.011301e-01	6.981679e+01	-9.973256e-01	3.942840e-03	6.988185e-01
5	0.8162	3.039798e-01	6.966240e+01	-9.674213e-01	-1.142616e-01	6.959686e-01
1	0.963045	3.020564e-01	6.989788e+01	-1.017116e+00	4.800577e-02	6.978924e-01
4	0.746635	3.014588e-01	6.999358e+01	-9.909588e-01	-4.659502e-02	6.984901e-01
6	0.137172	3.021238e-01	6.992190e+01	-9.836806e-01	-7.851408e-02	6.978250e-01
1	0.438246	3.012157e-01	6.981156e+01	-9.796652e-01	-3.433273e-02	6.987329e-01
1	0.459006	2.991048e-01	7.004268e+01	-1.027576e+00	1.080897e-01	7.008442e-01
3	1.47567	3.023463e-01	6.959391e+01	-9.788023e-01	3.489097e-03	6.976021e-01
15	0.108589	2.998578e-01	6.995543e+01	-9.904347e-01	-2.445924e-02	7.000911e-01
2	0.68725	3.009144e-01	6.972085e+01	-9.720644e-01	-5.096956e-02	6.990341e-01
2	0.316211	3.022033e-01	6.982942e+01	-9.723272e-01	-1.059135e-01	6.977454e-01
2	0.793645	2.978289e-01	6.993477e+01	-9.975253e-01	6.306283e-02	7.021200e-01
4	0.96109	3.035261e-01	6.968485e+01	-9.783533e-01	-4.577830e-02	6.964224e-01
5	0.955445	3.013401e-01	7.019279e+01	-1.016769e+00	-1.036238e-02	6.986091e-01
15	0.623825	3.006969e-01	7.018826e+01	-1.004100e+00	-5.089789e-02	6.992523e-01
9	0.84174	2.963998e-01	7.043988e+01	-1.057253e+00	1.651589e-01	7.035498e-01
1	1.50927	2.934178e-01	7.066497e+01	-1.060475e+00	1.607773e-01	7.065321e-01
15	1.19523	2.962581e-01	7.058691e+01	-1.057034e+00	1.151269e-01	7.036917e-01
2	0.530855	2.986302e-01	7.000418e+01	-9.908854e-01	-1.851394e-02	7.013187e-01
1	0.73567	2.963137e-01	7.038707e+01	-1.063443e+00	1.965849e-01	7.036358e-01
2	0.72482	2.976951e-01	7.017506e+01	-1.003183e+00	-3.634252e-03	7.022541e-01
12	0.606145	2.963602e-01	7.012276e+01	-1.034051e+00	1.563100e-01	7.035889e-01
2	1.00785	2.950656e-01	7.055663e+01	-1.074304e+00	2.081951e-01	7.048841e-01
11	0.4782	2.961282e-01	7.009726e+01	-1.017791e+00	1.175151e-01	7.038209e-01
7	0.583535	3.036299e-01	7.000796e+01	-9.956562e-01	-9.615200e-02	6.963191e-01
4	1.04276	3.073694e-01	6.959448e+01	-9.540500e-01	-2.087766e-01	6.925789e-01
1	1.57076	3.029071e-01	6.939157e+01	-9.291408e-01	-1.377654e-01	6.970409e-01
1	1.21862	3.076964e-01	6.943303e+01	-9.166139e-01	-2.986953e-01	6.922517e-01
3	1.40515	3.080632e-01	6.968114e+01	-9.579324e-01	-2.247893e-01	6.918853e-01
1	0.433202	3.024658e-01	6.978679e+01	-9.636201e-01	-1.317233e-01	6.974829e-01
4	0.81739	2.985371e-01	6.985755e+01	-9.864269e-01	7.692407e-03	7.014116e-01
2	0.67209	2.976820e-01	7.013070e+01	-1.006996e+00	2.134669e-02	7.022671e-01
1	0.77222	3.004997e-01	6.989049e+01	-1.003482e+00	4.751260e-02	6.994490e-01
4	1.05654	3.019230e-01	6.963313e+01	-9.818243e-01	6.045710e-03	6.980254e-01
5	0.77711	3.035621e-01	6.974455e+01	-9.932932e-01	-2.020532e-02	6.963864e-01
9	0.64948	2.978630e-01	7.027240e+01	-1.038201e+00	1.163363e-01	7.020863e-01
3	0.407874	3.014130e-01	6.976282e+01	-9.708814e-01	-5.869637e-02	6.985356e-01
2	0.569635	3.008349e-01	7.013254e+01	-1.026772e+00	5.120032e-02	6.991142e-01
8	1.37841	2.988021e-01	7.030794e+01	-1.048756e+00	1.312072e-01	7.011473e-01
6	0.104081	2.976522e-01	7.012625e+01	-1.013512e+00	5.914369e-02	7.022969e-01
6	1.35497	2.967356e-01	7.046475e+01	-1.072294e+00	2.080117e-01	7.032140e-01
9	0.80017	2.985815e-01	7.023629e+01	-1.022664e+00	5.795931e-02	7.013677e-01
1	2.14879	3.043912e-01	6.925667e+01	-9.085337e-01	-2.026564e-01	6.955566e-01
2	2.00577	3.001841e-01	6.961316e+01	-9.759753e-01	3.264305e-02	6.997643e-01
3	0.868115	2.987356e-01	6.979823e+01	-9.915161e-01	5.777936e-02	7.012130e-01
16	0.328598	2.969360e-01	7.028256e+01	-1.030073e+00	8.509345e-02	7.030134e-01
4	0.718605	2.997103e-01	7.014166e+01	-1.015668e+00	3.710754e-02	7.002388e-01
5	0.988145	3.001685e-01	7.020854e+01	-9.995593e-01	-5.858906e-02	6.997807e-01
6	0.681785	3.039149e-01	6.954541e+01	-9.415326e-01	-1.675532e-01	6.960333e-01
1	0.70664	3.034939e-01	6.977588e+01	-9.779530e-01	-9.989200e-02	6.964547e-01
2	0.335211	3.013428e-01	7.006757e+01	-1.010859e+00	-1.365353e-02	6.986062e-01
7	0.566055	3.047871e-01	6.957018e+01	-9.440863e-01	-1.753485e-01	6.951612e-01
6	0.724005	3.054249e-01	6.960115e+01	-9.611427e-01	-1.424709e-01	6.945235e-01
1	1.06103	3.031170e-01	6.978584e+01	-1.001372e+00	-2.386330e-03	6.968316e-01
1	1.52685	3.043836e-01	6.961669e+01	-9.706921e-01	-1.014246e-01	6.955648e-01
3	2.08623	2.987098e-01	6.991838e+01	-1.037683e+00	1.866801e-01	7.012390e-01
1	1.70031	3.019273e-01	6.971431e+01	-9.927791e-01	1.338976e-03	6.980212e-01
2	1.07505	3.018091e-01	6.998141e+01	-1.005433e+00	-2.883460e-02	6.981398e-01
1	0.779515	2.964686e-01	7.022945e+01	-1.004746e+00	1.744694e-02	7.034807e-01
2	0.844285	2.986786e-01	7.017539e+01	-1.008781e+00	-7.141250e-03	7.012706e-01
1	0.909785	2.961249e-01	7.024959e+01	-1.042711e+00	1.736957e-01	7.038244e-01
3	0.62288	2.989887e-01	7.027878e+01	-1.042544e+00	8.951655e-02	7.009606e-01
11	0.280426	2.994076e-01	7.019233e+01	-1.015668e+00	8.260644e-03	7.005416e-01
4	0.749365	2.985325e-01	7.020702e+01	-1.035620e+00	8.836046e-02	7.014168e-01
4	1.79903	2.976938e-01	7.045004e+01	-1.075630e+00	1.827031e-01	7.022558e-01
3	1.84757	3.062150e-01	6.994806e+01	-1.008919e+00	-7.862275e-02	6.937338e-01
1	1.39929	3.066066e-01	6.968453e+01	-9.692860e-01	-1.425641e-01	6.933419e-01
2	0.341794	3.007476e-01	6.976947e+01	-9.764696e-01	-4.065466e-02	6.992010e-01
5	0.50374	3.006653e-01	6.985602e+01	-1.002141e+00	3.011209e-02	6.992834e-01
2	0.120207	3.005317e-01	6.985698e+01	-9.832386e-01	-3.431340e-02	6.994170e-01
1	0.078206	2.987206e-01	7.002664e+01	-1.001972e+00	2.792293e-02	7.012284e-01
7	1.09521	2.972652e-01	7.032975e+01	-1.064205e+00	1.887567e-01	7.026842e-01
3	0.91429	3.023633e-01	7.019702e+01	-1.012216e+00	-6.317917e-02	6.975859e-01
5	0.301839	3.012701e-01	6.982124e+01	-9.810361e-01	-3.530322e-02	6.986786e-01
4	0.72055	2.995823e-01	7.029942e+01	-1.026930e+00	2.827524e-02	7.003671e-01
5	1.188	3.044712e-01	6.984851e+01	-9.477390e-01	-2.495102e-01	6.954775e-01
1	2.11987	2.965406e-01	7.039393e+01	-1.004492e+00	-3.676361e-02	7.034089e-01
10	1.80939	2.918648e-01	7.054330e+01	-1.062212e+00	2.190007e-01	7.080850e-01
3	0.952245	2.967196e-01	7.006717e+01	-9.888822e-01	-3.706479e-03	7.032294e-01
1	0.982965	2.997801e-01	6.986817e+01	-9.569646e-01	-1.219123e-01	7.001686e-01
2	0.96997	3.014567e-01	6.978254e+01	-9.456348e-01	-1.730005e-01	6.984919e-01
4	0.452439	3.024986e-01	6.998122e+01	-9.874633e-01	-1.017070e-01	6.974503e-01
36	0.120554	2.992364e-01	7.002537e+01	-9.943399e-01	-1.638937e-02	7.007126e-01
3	0.80436	2.971383e-01	7.031159e+01	-1.051376e+00	1.664584e-01	7.028111e-01
2	0.92707	2.960385e-01	7.039920e+01	-1.040101e+00	1.000134e-01	7.039110e-01
4	1.20273	2.936112e-01	7.022906e+01	-1.016110e+00	1.232593e-01	7.063380e-01
10	1.18243	2.919977e-01	7.046671e+01	-1.050556e+00	2.054997e-01	7.079519e-01
4	0.68146	2.954057e-01	7.045641e+01	-1.044628e+00	1.216773e-01	7.045439e-01
4	2.06556	2.938385e-01	7.063830e+01	-1.060186e+00	1.773177e-01	7.061113e-01
5	0.986495	2.960948e-01	7.029396e+01	-1.007919e+00	2.195191e-02	7.038546e-01
1	0.5415	3.022569e-01	6.991908e+01	-9.991373e-01	-3.594286e-02	6.976919e-01
5	0.580305	3.019767e-01	7.013822e+01	-1.019927e+00	-7.532978e-03	6.979724e-01
2	1.65483	3.045430e-01	7.013157e+01	-9.964611e-01	-1.584105e-01	6.954061e-01
8	0.147685	2.978933e-01	7.003621e+01	-1.002324e+00	3.958125e-02	7.020557e-01
1	0.57772	2.971895e-01	6.996920e+01	-9.961538e-01	5.579893e-02	7.027594e-01
4	0.96938	3.054219e-01	6.943755e+01	-9.411697e-01	-1.587065e-01	6.945262e-01
2	0.837555	3.039347e-01	6.958763e+01	-9.379251e-01	-1.809781e-01	6.960137e-01
9	1.31728	3.033374e-01	6.968652e+01	-9.314449e-01	-2.239390e-01	6.966110e-01
6	1.21741	3.005942e-01	7.023346e+01	-9.966749e-01	-9.030719e-02	6.993550e-01
7	1.04646	3.041348e-01	6.996013e+01	-9.681902e-01	-1.911563e-01	6.958141e-01
5	0.175565	2.989923e-01	7.016649e+01	-1.020089e+00	5.143891e-02	7.009569e-01
2	0.486925	3.016741e-01	6.969501e+01	-9.646066e-01	-6.872776e-02	6.982744e-01
26	0.0557235	3.001435e-01	6.999827e+01	-1.000210e+00	2.746238e-03	6.998054e-01
3	0.265867	3.003738e-01	7.011440e+01	-1.022676e+00	4.615751e-02	6.995752e-01
1	0.622435	2.950222e-01	7.032353e+01	-1.044899e+00	1.629561e-01	7.049272e-01
17	0.67736	2.997219e-01	6.989507e+01	-9.749422e-01	-4.576729e-02	7.002269e-01
6	0.868145	2.987786e-01	6.988237e+01	-9.664880e-01	-7.242986e-02	7.011702e-01
2	0.618625	2.951455e-01	7.022972e+01	-1.036899e+00	1.577476e-01	7.048037e-01
2	0.358657	2.974111e-01	7.031362e+01	-1.045137e+00	1.270837e-01	7.025383e-01
6	1.97305	2.942545e-01	7.024009e+01	-1.036911e+00	1.962866e-01	7.056948e-01
4	2.01255	2.990115e-01	6.968191e+01	-9.949965e-01	9.846136e-02	7.009370e-01
1	2.13069	3.040869e-01	6.929637e+01	-9.315977e-01	-1.386471e-01	6.958610e-01
5	2.33631	3.038817e-01	6.949216e+01	-9.467643e-01	-1.496209e-01	6.960664e-01
1	2.0294	3.040538e-01	6.960101e+01	-9.576054e-01	-1.457798e-01	6.958946e-01
3	2.62566	3.019741e-01	7.000392e+01	-1.001676e+00	-6.584383e-02	6.979749e-01
4	2.01101	3.070875e-01	6.937050e+01	-8.913879e-01	-3.709390e-01	6.928605e-01
2	2.51586	3.051793e-01	6.957479e+01	-8.997324e-01	-3.636199e-01	6.947690e-01
2	2.1237	3.006948e-01	6.984423e+01	-9.441933e-01	-1.616318e-01	6.992539e-01
1	2.35927	3.072732e-01	6.969009e+01	-9.509231e-01	-2.204522e-01	6.926752e-01
13	0.752405	3.035399e-01	6.971883e+01	-9.739012e-01	-7.278245e-02	6.964086e-01
12	1.24909	3.000036e-01	7.027078e+01	-1.030349e+00	4.926593e-02	6.999457e-01
2	0.69929	3.015140e-01	6.993324e+01	-1.005359e+00	2.200854e-02	6.984348e-01
6	0.62999	3.036115e-01	6.976182e+01	-9.876337e-01	-5.529407e-02	6.963371e-01
1	1.22453	3.012342e-01	7.015725e+01	-1.045557e+00	9.965309e-02	6.987149e-01
12	0.690385	3.045687e-01	6.958497e+01	-9.651434e-01	-9.862591e-02	6.953796e-01
1	0.433515	3.047089e-01	6.974770e+01	-9.713852e-01	-1.321089e-01	6.952397e-01
2	1.95292	3.071409e-01	6.927146e+01	-9.352215e-01	-1.716222e-01	6.928069e-01
8	0.317516	3.039579e-01	6.968765e+01	-9.599262e-01	-1.351920e-01	6.959906e-01
1	0.398632	3.020426e-01	6.996938e+01	-9.959718e-01	-3.771995e-02	6.979063e-01
1	0.727765	3.003772e-01	7.013278e+01	-1.037171e+00	8.705666e-02	6.995719e-01
2	1.3236	3.031823e-01	7.013861e+01	-1.029567e+00	-2.422030e-03	6.967668e-01
1	1.49083	3.086963e-01	6.938043e+01	-9.069042e-01	-3.447805e-01	6.912517e-01
9	1.30675	3.087659e-01	6.950344e+01	-9.334339e-01	-2.805120e-01	6.911823e-01
4	1.27731	3.031512e-01	6.998438e+01	-9.768350e-01	-1.327439e-01	6.967977e-01
1	0.495366	2.988703e-01	6.998568e+01	-9.927484e-01	-1.158951e-02	7.010786e-01
4	0.59432	2.969108e-01	7.001130e+01	-9.914693e-01	2.161933e-02	7.030381e-01
3	1.61576	2.962542e-01	7.007034e+01	-1.005547e+00	5.427659e-02	7.036948e-01
4	2.03801	2.914369e-01	7.019762e+01	-1.026259e+00	2.042845e-01	7.085123e-01
3	2.44916	2.933920e-01	7.002908e+01	-9.901601e-01	9.060104e-02	7.065570e-01
1	0.62063	2.992573e-01	7.008559e+01	-1.003523e+00	-1.107560e-02	7.006918e-01
4	0.79423	3.050633e-01	6.987910e+01	-9.689204e-01	-1.841491e-01	6.948855e-01
1	0.5914	3.019241e-01	6.986069e+01	-9.745530e-01	-7.996343e-02	6.980246e-01
2	1.16713	2.977740e-01	7.015400e+01	-9.947413e-01	-6.357707e-03	7.021751e-01
1	0.948315	3.037890e-01	6.960051e+01	-9.765377e-01	-4.449259e-02	6.961593e-01
2	0.855985	3.054812e-01	6.972558e+01	-9.793228e-01	-1.007730e-01	6.944674e-01
6	0.677355	3.016570e-01	6.969435e+01	-9.793880e-01	-1.296930e-02	6.982915e-01
7	0.224086	2.991365e-01	7.005089e+01	-1.011463e+00	3.697007e-02	7.008125e-01
11	0.62345	2.998082e-01	7.006967e+01	-1.022983e+00	8.004449e-02	7.001408e-01
1	0.69292	3.025809e-01	6.966747e+01	-9.475818e-01	-1.580833e-01	6.973675e-01
1	0.70861	2.980917e-01	6.987341e+01	-9.729960e-01	-2.704129e-02	7.018570e-01
2	1.04473	2.981830e-01	6.982121e+01	-1.001317e+00	9.538997e-02	7.017656e-01
3	1.25893	3.031222e-01	6.970152e+01	-9.919359e-01	6.135340e-03	6.968263e-01
1	1.21121	2.972463e-01	7.009511e+01	-1.002059e+00	5.156407e-02	7.027028e-01
5	1.52241	3.067707e-01	6.962315e+01	-9.754676e-01	-1.077287e-01	6.931777e-01
3	0.84955	3.042525e-01	6.969622e+01	-9.567436e-01	-1.444915e-01	6.956960e-01
7	0.92019	3.022605e-01	6.990082e+01	-9.739569e-01	-9.846131e-02	6.976883e-01
8	0.329113	3.003943e-01	7.010430e+01	-1.001783e+00	-3.985636e-02	6.995548e-01
2	0.360906	3.028340e-01	6.983891e+01	-9.774549e-01	-8.508470e-02	6.971146e-01
2	2.59115	3.051223e-01	6.951646e+01	-9.222535e-01	-2.274549e-01	6.948259e-01
2	1.87662	3.020019e-01	6.952051e+01	-9.162195e-01	-2.166300e-01	6.979463e-01
2	0.853625	3.024105e-01	6.965838e+01	-9.651215e-01	-9.043335e-02	6.975379e-01
