#	 Omega_m	 H0	 w0_fld	 wa_fld	 Omega0_fld	 -logLike	 TZ_DESY5_SNe	 TZ_R_lA	 TZ_bao_DESI_Y1_DV	 TZ_bao_DESI_Y1_DA_DH	 Total
	 0.2999801	 70.00072	 -1.000069	 0.0004800776	 0.6999688	 0.0	 3.860738974777214e-06	 1.5866429325372203e-05	 7.422464558835605e-07	 6.664890696253582e-06	 2.713430545228656e-05
	 0.3004806	 69.96704	 -0.9947702	 -0.0195199224	 0.6994683	 0.01	 0.00790279911968912	 0.0020371209027537653	 2.558437018410813e-05	 0.00040581094016736165	 0.010371315332794355
	 0.300977	 69.93339	 -0.9894708	 -0.039519922400000004	 0.6989718	 0.02	 0.03164249831061756	 0.008667383994938044	 0.00011560013930434495	 0.0017195670347623386	 0.04214504947962228
	 0.3014732	 69.90112	 -0.9842908	 -0.05951992240000001	 0.6984756	 0.05	 0.07000826662825638	 0.020420641312954457	 0.00029050085515134103	 0.004089889516068402	 0.09480929831243057
	 0.3019567	 69.8685	 -0.9790258	 -0.07951992240000001	 0.697992	 0.08	 0.12438173122178323	 0.03582761314816802	 0.0005084144999825761	 0.00725598487540519	 0.167973743745339
	 0.3024482	 69.83629	 -0.9738503	 -0.09951992240000002	 0.6975005	 0.13	 0.19225050451290387	 0.05652403776442686	 0.0008280562843200562	 0.01155777344444581	 0.2611603720060966
	 0.3029246	 69.80355	 -0.9685604	 -0.11951992240000002	 0.6970241	 0.19	 0.27693708009239126	 0.07941297914019124	 0.001155953587730858	 0.016415103521400264	 0.3739211163417136
	 0.3034185	 69.7725	 -0.9635317	 -0.13951992240000002	 0.6965301	 0.25	 0.36992458493433256	 0.11091610188880373	 0.001692293046827022	 0.023157816848497444	 0.5056907967184607
	 0.3038859	 69.74155	 -0.9583687	 -0.1595199224	 0.6960626	 0.33	 0.4806623044731275	 0.1431849597871706	 0.0021874756693939586	 0.03021795050878299	 0.656252690438475
	 0.3043666	 69.71051	 -0.9532792	 -0.1795199224	 0.6955819	 0.41	 0.6024632674351786	 0.18117944712409315	 0.002828936577290666	 0.03865035498189694	 0.8251220061184594
	 0.3048485	 69.68111	 -0.9483387	 -0.1995199224	 0.6951	 0.51	 0.7332838198874956	 0.22594474221000263	 0.003643650979254784	 0.048864444473030386	 1.0117366575497833
	 0.3053118	 69.64974	 -0.9431507	 -0.21951992239999998	 0.6946366	 0.61	 0.884715606857053	 0.2683316381961306	 0.00433117531473431	 0.05856325358400248	 1.2159416739519202
	 0.3057816	 69.61965	 -0.9381265	 -0.23951992239999997	 0.6941668	 0.72	 1.0428880047284732	 0.3188589172656845	 0.005230378580243972	 0.07030172399852323	 1.4372790245729248
	 0.3062611	 69.58991	 -0.9332023	 -0.2595199224	 0.6936872	 0.84	 1.2081104678273016	 0.3766758534362608	 0.006345424454077535	 0.08401218136710353	 1.6751439270847435
	 0.3067217	 69.56123	 -0.9282696	 -0.2795199224	 0.6932266	 0.96	 1.3872077740473114	 0.4364760164966297	 0.007458602299379616	 0.09841942009551453	 1.9295618129388354
	 0.3071941	 69.53373	 -0.9235103	 -0.2995199224	 0.6927541	 1.1	 1.5692859519511826	 0.5059416016603916	 0.008886767585265496	 0.1156837295432693	 2.199798050740109
	 0.3076401	 69.50385	 -0.9184119	 -0.31951992240000004	 0.6923081	 1.24	 1.7795138019435872	 0.5659225480947225	 0.009947241177777623	 0.1304441627635422	 2.4858277539796294
	 0.3081246	 69.477	 -0.9138053	 -0.33951992240000006	 0.6918235	 1.39	 1.9731828916664866	 0.6499037396293492	 0.011837977655058275	 0.15213289471367442	 2.7870575036645686
	 0.3085642	 69.44696	 -0.9086938	 -0.3595199224000001	 0.691384	 1.55	 2.2058998867733233	 0.7157054383803825	 0.0130187532651683	 0.1686340462535028	 3.1032581246723767
	 0.3085642	 69.44696	 -0.9086938	 -0.3595199224000001	 0.691384	 17.36	 2.2058998867733233	 0.7157054383803825	 0.0130187532651683	 0.1686340462535028	 3.1032581246723767
	 0.3090497	 69.42091	 -0.904188	 -0.3795199224000001	 0.6908983	 1.72	 2.4125565843176853	 0.8118851241289928	 0.015305844980245011	 0.19446615046381474	 3.4342137038907374
	 0.3094692	 69.39295	 -0.8991524	 -0.3995199224000001	 0.6904788	 1.89	 2.6668118928928433	 0.8829659944732846	 0.016572433194080194	 0.21292869738962936	 3.7792790179498374
	 0.309944	 69.36768	 -0.8946709	 -0.41951992240000013	 0.690004	 2.07	 2.8916005366765845	 0.9862121567216813	 0.019075624918864324	 0.24166966003205434	 4.138557978349184
	 0.310365	 69.33838	 -0.8895755	 -0.43951992240000015	 0.6895829	 2.26	 3.167001072921353	 1.062268956808481	 0.020460103392769935	 0.26156651596605457	 4.511296649088659
	 0.3108465	 69.31283	 -0.8851296	 -0.45951992240000017	 0.6891014	 2.45	 3.4047787405270666	 1.1754051695012848	 0.02334700843364765	 0.29413628372064315	 4.897667202182642
	 0.3112557	 69.28482	 -0.8800947	 -0.4795199224000002	 0.6886922	 2.65	 3.699116823885092	 1.256886588935966	 0.024853632294462247	 0.3161095861929631	 5.296966631308484
	 0.3117123	 69.26218	 -0.8757963	 -0.4995199224000002	 0.6882356	 2.85	 3.9470196209898005	 1.381068143480151	 0.028020474832616066	 0.35308918171794956	 5.709197421020518
	 0.3121346	 69.2344	 -0.8708652	 -0.5195199224000002	 0.6878132	 3.07	 4.251282748873969	 1.4735108564455608	 0.029968095927167884	 0.37921860722940626	 6.1339803084761035
	 0.3125875	 69.20998	 -0.8664209	 -0.5395199224000002	 0.6873602	 3.29	 4.523075159975038	 1.5977882453208319	 0.03315596432809672	 0.4168788475649992	 6.570898217188965
	 0.3130111	 69.18251	 -0.8615469	 -0.5595199224000003	 0.6869366	 3.51	 4.840076361933529	 1.6983999740032594	 0.035397567209082666	 0.4462269194412579	 7.020100822587129
	 0.3134408	 69.15989	 -0.8571528	 -0.5795199224000003	 0.6865069	 3.74	 5.128151953093672	 1.8274773907121875	 0.0386744706078144	 0.4864278328122042	 7.480731647225879
	 0.3139022	 69.13633	 -0.8528967	 -0.5995199224000003	 0.6860455	 3.98	 5.400016445842523	 1.9763492840617893	 0.042804459793938474	 0.53404895049159	 7.95321914018984
	 0.3142999	 69.10896	 -0.8478867	 -0.6195199224000003	 0.6856477	 4.22	 5.76131737349638	 2.0690607202078577	 0.04470268129982877	 0.5614980177073127	 8.436578792711378
	 0.3147389	 69.08763	 -0.8437132	 -0.6395199224000003	 0.6852087	 4.47	 6.046227267906345	 2.2234877909048034	 0.048982465819107576	 0.6124554116417201	 8.931152936271976
	 0.3151422	 69.0609	 -0.8388531	 -0.6595199224000003	 0.6848053	 4.72	 6.4047205254463835	 2.333981090771426	 0.05148887150831138	 0.6463345253562509	 9.436525013082372
	 0.315579	 69.03845	 -0.8345607	 -0.6795199224000004	 0.6843685	 4.98	 6.715232422637124	 2.4841215856989294	 0.05572213324436714	 0.6971718129096872	 9.952247954490108
	 0.3160178	 69.01697	 -0.8304258	 -0.6995199224000004	 0.6839297	 5.24	 7.010032019316786	 2.6527554600539585	 0.060601897716241714	 0.7552447838546701	 10.478634160941656
	 0.3164161	 68.98949	 -0.8254593	 -0.7195199224000004	 0.6835313	 5.51	 7.4059909988320545	 2.757471264846329	 0.06298597073420803	 0.7882530807348502	 11.014701315147443
	 0.3168443	 68.9687	 -0.8213219	 -0.7395199224000004	 0.6831031	 5.78	 7.718373606509587	 2.926378336565093	 0.06793350700622759	 0.8481348178522703	 11.560820267933178
	 0.317231	 68.94382	 -0.8165781	 -0.7595199224000004	 0.6827164	 6.06	 8.107163345529637	 3.0499099146056983	 0.07090122460273025	 0.8887769152552256	 12.11675139999329
	 0.3176455	 68.92328	 -0.8124185	 -0.7795199224000005	 0.6823018	 6.34	 8.434425217672274	 3.221077455446369	 0.07588236141288368	 0.9504239311842395	 12.681808965715767
	 0.3180707	 68.90293	 -0.8083321	 -0.7995199224000005	 0.6818766	 6.63	 8.757452223710885	 3.400502701841048	 0.08135484153076503	 1.0170790174902544	 13.256388784572952
	 0.3184521	 68.87794	 -0.8035769	 -0.8195199224000005	 0.6814952	 6.92	 9.167653162628127	 3.5276856130559184	 0.08447849960697636	 1.0601541930718303	 13.839971468362855
	 0.3188746	 68.85654	 -0.7994243	 -0.8395199224000005	 0.6810726	 7.22	 9.503414724098251	 3.710190765384104	 0.0900644263106511	 1.1285707359204906	 14.432240651713496
	 0.3192991	 68.83592	 -0.7953294	 -0.8595199224000005	 0.680648	 7.52	 9.841914390661632	 3.895289167669923	 0.09592905451357507	 1.200293808060402	 15.033426420905531
	 0.3196708	 68.8121	 -0.7906667	 -0.8795199224000005	 0.6802763	 7.82	 10.26141228226522	 4.033227423463787	 0.09943056190219692	 1.2488993085946853	 15.64296957622589
	 0.3200849	 68.79135	 -0.7865295	 -0.8995199224000006	 0.6798622	 8.13	 10.61536002738471	 4.218462944445309	 0.10527563068568573	 1.3216008525295155	 16.26069945504522
	 0.3204813	 68.77395	 -0.782644	 -0.9195199224000006	 0.6794658	 8.44	 10.94675103709505	 4.424174253132092	 0.11177724804222444	 1.4041739157220379	 16.886876453991405
	 0.3208506	 68.74953	 -0.7779166	 -0.9395199224000006	 0.6790965	 8.76	 11.394184979408632	 4.558494576399687	 0.11524228417172937	 1.452780328627044	 17.52070216860709
	 0.3212592	 68.72978	 -0.7738845	 -0.9595199224000006	 0.6786878	 9.08	 11.747480744013352	 4.758530323837143	 0.12175109061737369	 1.5345436618770558	 18.162305820344923
	 0.3216662	 68.71116	 -0.7699929	 -0.9795199224000006	 0.6782807	 9.41	 12.081993857768426	 4.97598780092642	 0.12893634307754462	 1.6249475224397298	 18.81186552421212
	 0.3220293	 68.68701	 -0.765273	 -0.9995199224000006	 0.6779177	 9.73	 31.77042350858913	 0.2691310594330604	 0.08344768622281015	 3.2246751886422365	 35.34767744288724
	 0.3224223	 68.66922	 -0.7613661	 -1.0195199224000007	 0.6775246	 10.07	 12.902689081216083	 5.324092439291134	 0.13953798220081895	 1.7661489294457178	 20.13246843215375
	 0.322816	 68.65199	 -0.7575681	 -1.0395199224000007	 0.6771309	 10.4	 13.238440964954421	 5.553269434672724	 0.14723169794789734	 1.8650535821834706	 20.803995679758515
	 0.3231756	 68.62859	 -0.7529023	 -1.0595199224000007	 0.6767713	 10.74	 13.717954209916087	 5.6930685616537255	 0.1510834839001876	 1.9199120915271426	 21.48201834699714
	 0.3235764	 68.6094	 -0.7489511	 -1.0795199224000007	 0.6763704	 11.08	 14.080453828376196	 5.911915658877403	 0.15858640224231116	 2.016023170522095	 22.166979060018
	 0.3239537	 68.59341	 -0.7451947	 -1.0995199224000007	 0.6759931	 11.43	 14.42812267152994	 6.144242716621802	 0.16646417916031067	 2.1200390725768816	 22.858868639888932
