#	 Omega_m	 H0	 w0_fld	 wa_fld	 Omega0_fld	 -logLike	 TZ_DESY5_SNe	 TZ_R_lA	 TZ_bao_DESI_Y1_DV	 TZ_bao_DESI_Y1_DA_DH	 Total
	 0.2999801	 70.00072	 -1.000069	 0.0004800776	 0.6999688	 0.0	 3.860738974777214e-06	 1.5866429325372203e-05	 7.422464558835605e-07	 6.664890696253582e-06	 2.713430545228656e-05
	 0.2992715	 70.06969	 -1.010069	 0.03162644	 0.7006775	 0.02	 0.030249888766908765	 0.0010175499994072837	 2.7346199010505895e-05	 0.0018045868411585614	 0.03309937180648512
	 0.2985381	 70.13926	 -1.0200690000000001	 0.06307505	 0.701411	 0.07	 0.12061602558017809	 0.00428118321839179	 0.00010007627144226004	 0.007054864836389155	 0.1320521499064013
	 0.2978234	 70.20865	 -1.0300690000000001	 0.09416919	 0.7021258	 0.15	 0.2717433743178618	 0.009322767529369622	 0.00024404434523687756	 0.016381282949942066	 0.29769146914241035
	 0.2971023	 70.27881	 -1.0400690000000001	 0.1250665	 0.702847	 0.27	 0.4847668771736876	 0.016021940648938165	 0.00043854998160949176	 0.029586804656830654	 0.5308141724610659
	 0.2963878	 70.34953	 -1.0500690000000001	 0.1556546	 0.7035616	 0.42	 0.7601421720124519	 0.024204991770645057	 0.0007028939657067295	 0.0472039821983017	 0.8322540399471055
	 0.2956609	 70.42021	 -1.0600690000000002	 0.1863742	 0.7042886	 0.6	 1.098836826897495	 0.034560758986323784	 0.001002777555202377	 0.06847057148575866	 1.20287093492478
	 0.2949694	 70.49158	 -1.0700690000000002	 0.2162453	 0.7049802	 0.82	 1.501193606081191	 0.04435084010053899	 0.0014699342402410048	 0.09650497111062428	 1.6435193515325954
	 0.2942626	 70.56367	 -1.0800690000000002	 0.2461286	 0.7056872	 1.08	 1.968514071221552	 0.05581143501654291	 0.0019675119868002794	 0.12855044675345154	 2.154843464978347
	 0.2934664	 70.64647	 -1.0900690000000002	 0.2756311	 0.7064835	 1.37	 2.501771406888408	 0.08605209006298155	 0.0019414821438356906	 0.15642030544803529	 2.74618528454326
	 0.2928792	 70.70727	 -1.1000690000000002	 0.3053615	 0.7070708	 1.7	 3.0976780193440754	 0.08155229125541698	 0.003385246511036546	 0.21067105029751224	 3.3932866074080414
	 0.2921979	 70.77997	 -1.1100690000000002	 0.3344712	 0.7077522	 2.06	 3.7617243294925187	 0.09457103776886225	 0.004310693626618783	 0.2614973007078887	 4.122103361595888
	 0.2914702	 70.85379	 -1.1200690000000002	 0.36406	 0.7084799	 2.46	 4.4946198939517465	 0.11286812360228622	 0.005027099942402401	 0.31234254236208414	 4.924857659858519
	 0.2908159	 70.92645	 -1.1300690000000002	 0.3926093	 0.7091343	 2.9	 5.2918223943868155	 0.12576523237159745	 0.006385466792447066	 0.37861766469099045	 5.802590758241851
	 0.2902821	 71.00153	 -1.1400690000000002	 0.4190718	 0.7096682	 3.38	 6.140322051591349	 0.1463143205102648	 0.008809696743329919	 0.4686690652777816	 6.764115134122726
	 0.2895642	 71.07212	 -1.1500690000000002	 0.449294	 0.7103863	 3.89	 7.068129240162735	 0.17930143560958273	 0.010019599465306823	 0.5373303313022154	 7.79478060653984
	 0.2888204	 71.14863	 -1.1600690000000002	 0.4772937	 0.7111301	 4.45	 8.101128763949852	 0.16481800802987093	 0.011221637943344374	 0.6165359257115757	 8.893704335634643
	 0.2881654	 71.22279	 -1.1700690000000002	 0.5051904	 0.7117852	 5.04	 9.17621314294729	 0.1773033895249083	 0.013319672158776214	 0.7125289708043185	 10.079365175435292
	 0.2875218	 71.29689	 -1.1800690000000003	 0.5328431	 0.7124289	 5.67	 10.320754332237819	 0.1886539566479547	 0.015778549522403696	 0.8188746055584452	 11.344061443966622
	 0.2869819	 71.36546	 -1.1900690000000003	 0.5601171	 0.7129689	 6.34	 11.517629630228072	 0.1981402112525851	 0.020017139355520106	 0.954895613499015	 12.690682594335193
	 0.2861824	 71.44854	 -1.2000690000000003	 0.5881023	 0.7137686	 7.06	 12.829693312609592	 0.21920828897788153	 0.02057707203641388	 1.0444310451163767	 14.113909718740263
	 0.2855821	 71.52457	 -1.2100690000000003	 0.6144747	 0.714369	 7.81	 14.183632547120794	 0.22582735808843268	 0.024316646677657587	 1.1870906777818175	 15.620867229668702
	 0.2848019	 71.60708	 -1.2200690000000003	 0.6419884	 0.7151492	 8.6	 15.651313229046297	 0.2398911775202182	 0.025440890949292177	 1.2957541045250018	 17.21239940204081
	 0.2842825	 71.67617	 -1.2300690000000003	 0.6686513	 0.7156688	 9.44	 17.12419896077318	 0.25120043280872506	 0.03124447396273912	 1.475354535551959	 18.881998403096606
	 0.2837144	 71.75185	 -1.2400690000000003	 0.69434	 0.716237	 10.32	 18.691631013399192	 0.2513090469068419	 0.03664155103135023	 1.658499745400119	 20.6380813567375
	 0.2830453	 71.83006	 -1.2500690000000003	 0.7210251	 0.7169061	 11.24	 20.353158841834393	 0.2635861153399397	 0.04042952444699749	 1.8218905873784457	 22.479065068999777
	 0.2824991	 71.90515	 -1.2600690000000003	 0.746385	 0.7174525	 12.2	 22.06136243326931	 0.262022523087203	 0.04715235178599877	 2.0347393824884965	 24.40527669063101
	 0.2819285	 71.98299	 -1.2700690000000003	 0.7714903	 0.7180232	 13.21	 23.849999266794338	 0.2613129640928519	 0.05376903329112151	 2.2530209190526005	 26.418102183230914
	 0.2812499	 72.06114	 -1.2800690000000003	 0.7982318	 0.7187019	 14.26	 25.736043767308026	 0.2812301656621663	 0.05829729664717511	 2.4424725514616017	 28.51804378107897
	 0.280692	 72.13942	 -1.2900690000000004	 0.8227705	 0.7192599	 15.35	 27.678393271167007	 0.26895965249480125	 0.06620322589595222	 2.692066588505322	 30.70562273806308
	 0.280043	 72.21933	 -1.3000690000000004	 0.8486217	 0.719909	 16.49	 29.709623133664806	 0.28772057028060677	 0.0719992625336788	 2.913626136147663	 32.982969102626754
	 0.2795739	 72.29517	 -1.3100690000000004	 0.8722377	 0.7203783	 17.67	 31.77042350858913	 0.2691310594330604	 0.08344768622281015	 3.2246751886422365	 35.34767744288724
	 0.2790081	 72.37353	 -1.3200690000000004	 0.896791	 0.7209441	 18.9	 33.93604516269852	 0.26408220514488473	 0.09281771592243818	 3.5107653603919324	 37.80371044415777
	 0.2784553	 72.45274	 -1.3300690000000004	 0.9209507	 0.7214971	 20.18	 36.17231680409023	 0.2586989816109212	 0.10308046881421831	 3.816365632842876	 40.35046188735824
	 0.2778974	 72.5307	 -1.3400690000000004	 0.9454741	 0.722055	 21.49	 38.48001214616089	 0.2632787063131121	 0.11381678085282328	 4.1316845154473665	 42.98879214877419
	 0.2773368	 72.61091	 -1.3500690000000004	 0.9694102	 0.7226158	 22.86	 40.8737274326972	 0.25696913699354695	 0.1250601848494285	 4.463676626194105	 45.71943338073429
	 0.2767632	 72.69252	 -1.3600690000000004	 0.9932946	 0.7231895	 24.27	 43.34712975474893	 0.25762781164709114	 0.13628804133666927	 4.802252775928105	 48.54329838366079
